2 0.16802083333333334 0.7927777777777778 0.1011875 0.09035185185185185
14 0.49813541666666666 0.6910833333333334 0.052000000000000005 0.12883333333333333
14 0.519875 0.7614907407407407 0.049953125 0.09423148148148147
11 0.5328020833333333 0.6517222222222222 0.028026041666666668 0.11525925925925927
12 0.5346875 0.6237777777777778 0.036828124999999996 0.1264537037037037
12 0.4251614583333333 0.6791944444444444 0.026416666666666665 0.19305555555555556
12 0.4203177083333333 0.7065185185185184 0.05358333333333333 0.1049537037037037
11 0.4014947916666667 0.7383333333333333 0.05402083333333333 0.1207962962962963
11 0.412375 0.7832129629629629 0.08644270833333333 0.04939814814814815
11 0.45274479166666665 0.7921574074074074 0.04585416666666667 0.0650462962962963
11 0.54978125 0.6962685185185186 0.011052083333333332 0.2162962962962963
11 0.47256250000000005 0.7322592592592593 0.09633333333333334 0.04080555555555555
12 0.3872291666666667 0.7385648148148148 0.07634895833333334 0.05310185185185185
7 0.7216354166666666 0.6717685185185185 0.044984375 0.13438888888888886
7 0.7863697916666667 0.7287222222222222 0.11911979166666667 0.06333333333333334
4 0.7750520833333333 0.7587685185185186 0.059609375 0.08642592592592593
4 0.21245312500000002 0.6908055555555556 0.056 0.10158333333333333
4 0.45388020833333337 0.6706111111111112 0.04405208333333333 0.13693518518518516
5 0.6304427083333334 0.2558796296296296 0.11445833333333333 0.26728703703703705
10 0.47706770833333334 0.7437222222222223 0.04108333333333333 0.07791666666666668
11 0.4836770833333333 0.7652592592592593 0.034458333333333334 0.06788888888888889