11 0.47629166666666667 0.7312407407407407 0.10436979166666666 0.04488888888888889
12 0.43770312499999997 0.6637777777777778 0.05064583333333333 0.18687962962962965
2 0.16802083333333334 0.7927777777777778 0.1011875 0.09035185185185185
14 0.49813541666666666 0.6788981481481482 0.052000000000000005 0.12883333333333333
14 0.5227760416666667 0.7561018518518519 0.04572916666666667 0.09938888888888889
11 0.5284479166666667 0.6627407407407407 0.05468229166666667 0.16075
12 0.5346875 0.6237777777777778 0.036828124999999996 0.1264537037037037
11 0.4014947916666667 0.7383333333333333 0.05402083333333333 0.1207962962962963
11 0.412375 0.7832129629629629 0.08644270833333333 0.04939814814814815
11 0.4505885416666667 0.7895555555555556 0.04350520833333334 0.07339814814814814
11 0.5500468749999999 0.6864166666666667 0.011052083333333332 0.2162962962962963
12 0.38815104166666664 0.7387222222222223 0.07886458333333332 0.05275
7 0.7216354166666666 0.6717685185185185 0.044984375 0.13438888888888886
7 0.7863697916666667 0.7287222222222222 0.11911979166666667 0.06333333333333334
4 0.7737552083333333 0.7625092592592593 0.06025520833333333 0.08239814814814814
10 0.21066666666666667 0.6463518518518518 0.06967187500000001 0.10173148148148149
4 0.45440625 0.6677962962962963 0.04405208333333333 0.13693518518518516
5 0.4245104166666666 0.23099074074074075 0.1634375 0.26301851851851854
10 0.21029166666666665 0.7774537037037037 0.053807291666666666 0.12290740740740741
13 0.49201562499999996 0.7535092592592593 0.0390625 0.09431481481481481
4 0.215109375 0.6906296296296296 0.04945833333333333 0.08760185185185185
13 0.42330729166666664 0.6111481481481481 0.06936979166666667 0.11877777777777777