2 0.16802083333333334 0.7927777777777778 0.1011875 0.09035185185185185
14 0.49813541666666666 0.6910833333333334 0.052000000000000005 0.12883333333333333
14 0.519875 0.7614907407407407 0.049953125 0.09423148148148147
11 0.5328020833333333 0.6517222222222222 0.028026041666666668 0.11525925925925927
12 0.5346875 0.6237777777777778 0.036828124999999996 0.1264537037037037
12 0.42271875 0.6790092592592593 0.01786979166666667 0.19630555555555554
12 0.4203177083333333 0.7065185185185184 0.05358333333333333 0.1049537037037037
11 0.4014947916666667 0.7383333333333333 0.05402083333333333 0.1207962962962963
11 0.412375 0.7832129629629629 0.08644270833333333 0.04939814814814815
11 0.45274479166666665 0.7921574074074074 0.04585416666666667 0.0650462962962963
11 0.494640625 0.7725740740740741 0.03910416666666667 0.09143518518518519
11 0.54978125 0.6962685185185186 0.011052083333333332 0.2162962962962963
11 0.47958854166666665 0.7259166666666667 0.10143229166666666 0.048435185185185185
12 0.3913072916666666 0.7364814814814815 0.08565625 0.05397222222222222
7 0.7216354166666666 0.6717685185185185 0.044984375 0.13438888888888886
7 0.7863697916666667 0.7287222222222222 0.11911979166666667 0.06333333333333334
4 0.7648125 0.7642407407407408 0.07413020833333334 0.07444444444444445
4 0.21245312500000002 0.6908055555555556 0.056 0.10158333333333333
4 0.45164062499999996 0.6657314814814815 0.039984374999999996 0.13223148148148148
5 0.7035625 0.20868518518518517 0.11824479166666667 0.24189814814814814