3 0.04645833333333334 0.6735925925925926 0.06269270833333333 0.11862037037037039
7 0.44042708333333336 0.7592037037037037 0.11419270833333334 0.17880555555555558
7 0.4154375 0.6812314814814815 0.07328645833333333 0.23383333333333334
7 0.570375 0.6053148148148149 0.06029166666666667 0.13751851851851854
7 0.5833958333333332 0.8012777777777778 0.055088541666666664 0.1294074074074074
0 0.3858802083333333 0.7392592592592593 0.031656250000000004 0.11648148148148148
14 0.8439218749999999 0.8302407407407407 0.067890625 0.15062037037037035
3 0.7517395833333332 0.8686481481481482 0.05850520833333333 0.10158333333333333
3 0.10855729166666667 0.6611018518518519 0.06555729166666667 0.10473148148148148
12 0.8480833333333333 0.6811944444444445 0.053307291666666666 0.041296296296296296
8 0.8383177083333333 0.6744722222222221 0.04330208333333333 0.09431481481481481
14 0.7324635416666666 0.7524907407407407 0.06336979166666666 0.13946296296296296
10 0.18979166666666666 0.5048148148148148 0.11343750000000001 0.18000925925925926
10 0.23875520833333336 0.6687222222222222 0.12196875 0.23292592592592593
10 0.05021875 0.5018055555555556 0.084296875 0.21564814814814814
10 0.10139583333333334 0.5728981481481482 0.04513020833333334 0.08199074074074074
12 0.207765625 0.6015648148148148 0.04332291666666667 0.08646296296296296
11 0.26752604166666666 0.49997222222222226 0.046197916666666665 0.08235185185185186
6 0.13445833333333335 0.7668425925925927 0.14078645833333334 0.24039814814814814
7 0.473109375 0.6152592592592593 0.11158854166666667 0.17782407407407408
7 0.5397708333333333 0.6154814814814815 0.10327083333333334 0.16347222222222224
7 0.5017552083333333 0.7906574074074074 0.10638541666666666 0.15108333333333332
7 0.49941145833333334 0.7459444444444444 0.064203125 0.2270648148148148
7 0.5402916666666666 0.7142499999999999 0.0605625 0.16830555555555557
8 0.7323333333333333 0.665 0.06970833333333333 0.12925925925925924
3 0.786625 0.8047685185185185 0.05540104166666667 0.10897222222222222
14 0.765140625 0.6409444444444444 0.087421875 0.1588611111111111
12 0.7946979166666667 0.6904537037037037 0.042380208333333336 0.07281481481481482
12 0.8414479166666666 0.8070925925925926 0.09627083333333333 0.08581481481481482
8 0.828453125 0.7745833333333333 0.05171875 0.11308333333333333
2 0.8961302083333333 0.7852870370370371 0.091078125 0.2576111111111111
8 0.8017291666666666 0.5652777777777778 0.06647916666666667 0.15739814814814815
12 0.7866302083333333 0.7091851851851851 0.03627604166666667 0.08410185185185184