7 0.5839635416666666 0.8100833333333333 0.057192708333333335 0.14722222222222223
3 0.7669635416666666 0.8682777777777778 0.055109375 0.09666666666666668
14 0.8824270833333333 0.8231111111111111 0.07898437500000001 0.18863888888888888
7 0.49491666666666667 0.7417222222222222 0.07713541666666666 0.2225925925925926
7 0.4153958333333333 0.6892407407407407 0.07721354166666666 0.22083333333333333
14 0.7886041666666667 0.7449166666666667 0.06516145833333334 0.11153703703703703
7 0.43810416666666663 0.7528518518518519 0.11184895833333333 0.1852962962962963
7 0.5793854166666667 0.6047777777777777 0.06765104166666666 0.13716666666666666
8 0.7272447916666667 0.6664074074074074 0.061864583333333334 0.1734074074074074
14 0.8449479166666667 0.832462962962963 0.06676041666666667 0.14075925925925928
14 0.7331770833333333 0.746 0.076921875 0.18150000000000002
0 0.38442708333333336 0.7455185185185185 0.040442708333333334 0.1255925925925926
7 0.5353125 0.7440925925925926 0.07094791666666667 0.22657407407407407
7 0.555875 0.7637129629629629 0.055578125 0.20585185185185184
14 0.7630833333333332 0.6353333333333333 0.085109375 0.1689351851851852
14 0.8229427083333333 0.6707037037037037 0.064453125 0.1042962962962963
7 0.5344166666666667 0.6147314814814815 0.10527083333333334 0.1684074074074074
7 0.4914895833333333 0.7892685185185185 0.09289583333333334 0.1549074074074074
7 0.47025 0.6106759259259259 0.11233854166666667 0.1817962962962963
3 0.797546875 0.7943888888888889 0.058333333333333334 0.10882407407407407
3 0.10996354166666666 0.6647962962962963 0.06302083333333333 0.11318518518518518
3 0.04694270833333333 0.6716574074074074 0.06302083333333333 0.12003703703703703
10 0.19292187500000002 0.5110277777777777 0.11575520833333333 0.18291666666666667
10 0.231828125 0.6693703703703703 0.13697395833333334 0.2389351851851852
10 0.048875 0.5030277777777777 0.09131770833333334 0.2263611111111111
6 0.1379375 0.7682592592592593 0.14340624999999999 0.2537962962962963
11 0.269859375 0.4961388888888889 0.052932291666666666 0.09494444444444446