2 0.17835416666666667 0.7131851851851851 0.08637500000000001 0.20502777777777778
6 0.09899479166666666 0.7005370370370371 0.10214583333333334 0.14005555555555554
1 0.3852083333333333 0.754712962962963 0.10127083333333334 0.16374074074074074
0 0.5068697916666667 0.7487685185185184 0.07078645833333333 0.0698425925925926
12 0.47338541666666667 0.6 0.035062499999999996 0.10071296296296296
11 0.47524479166666667 0.5861018518518518 0.050687499999999996 0.05441666666666667
11 0.38594791666666667 0.6132129629629629 0.055135416666666666 0.034185185185185187
8 0.5065000000000001 0.6601759259259259 0.06408854166666667 0.12850925925925924
6 0.38148437500000004 0.5801666666666667 0.087875 0.19063888888888889
6 0.45701562500000004 0.6052962962962963 0.0975625 0.18271296296296297
13 0.48305729166666667 0.5418055555555555 0.042505208333333336 0.06101851851851852
13 0.5198854166666667 0.5477592592592593 0.040088541666666665 0.07821296296296296
7 0.7654427083333334 0.7871388888888889 0.13826041666666666 0.10474074074074075
7 0.8681458333333333 0.7481296296296297 0.05821354166666667 0.2065648148148148
7 0.838375 0.6872592592592592 0.04034375 0.15847222222222224
7 0.74796875 0.6535370370370371 0.10208854166666666 0.11219444444444444
0 0.70778125 0.5695648148148148 0.032135416666666666 0.06858333333333333
5 0.3852291666666667 0.5403518518518519 0.11171875 0.1189537037037037
11 0.4183385416666667 0.30589814814814814 0.014197916666666668 0.2521203703703704