7 0.5839635416666666 0.8100833333333333 0.057192708333333335 0.14722222222222223
3 0.7500364583333333 0.8682777777777778 0.070734375 0.09666666666666668
14 0.8804739583333333 0.8532037037037037 0.07507812500000001 0.12845370370370368
7 0.49491666666666667 0.7417222222222222 0.07713541666666666 0.2225925925925926
7 0.4153958333333333 0.6892407407407407 0.07721354166666666 0.22083333333333333
14 0.7886041666666667 0.7449166666666667 0.06516145833333334 0.11153703703703703
7 0.43810416666666663 0.7528518518518519 0.11184895833333333 0.1852962962962963
7 0.5793854166666667 0.6047777777777777 0.06765104166666666 0.13716666666666666
8 0.7272447916666667 0.6664074074074074 0.061864583333333334 0.1734074074074074
14 0.8449479166666667 0.832462962962963 0.06676041666666667 0.14075925925925928
14 0.7331770833333333 0.746 0.076921875 0.18150000000000002
0 0.38442708333333336 0.7455185185185185 0.040442708333333334 0.1255925925925926
7 0.5353125 0.7440925925925926 0.07094791666666667 0.22657407407407407
7 0.555875 0.7637129629629629 0.055578125 0.20585185185185184
14 0.7630833333333332 0.6353333333333333 0.085109375 0.1689351851851852
14 0.81059375 0.6603055555555556 0.064453125 0.1042962962962963
7 0.5344166666666667 0.6147314814814815 0.10527083333333334 0.1684074074074074
7 0.4914895833333333 0.7892685185185185 0.09289583333333334 0.1549074074074074
7 0.47025 0.6106759259259259 0.11233854166666667 0.1817962962962963
3 0.789734375 0.8048055555555556 0.058333333333333334 0.12502777777777777
3 0.10996354166666666 0.6647962962962963 0.06302083333333333 0.11318518518518518
3 0.04694270833333333 0.6716574074074074 0.06302083333333333 0.12003703703703703
10 0.19292187500000002 0.5110277777777777 0.11575520833333333 0.18291666666666667
10 0.231828125 0.6693703703703703 0.13697395833333334 0.2389351851851852
10 0.048875 0.5030277777777777 0.09131770833333334 0.2263611111111111
6 0.1379375 0.7682592592592593 0.14340624999999999 0.2537962962962963
11 0.269859375 0.4961388888888889 0.052932291666666666 0.09494444444444446
12 0.845921875 0.8064444444444445 0.10277083333333333 0.08185185185185186
12 0.8450000000000001 0.6820277777777778 0.054515625 0.04256481481481481
14 0.8853333333333333 0.6957777777777778 0.05930729166666667 0.09102777777777778
14 0.8547604166666667 0.688574074074074 0.06077604166666666 0.08185185185185186
8 0.833984375 0.6747685185185185 0.048177083333333336 0.1087962962962963
8 0.8370885416666667 0.7835648148148148 0.044270833333333336 0.09953703703703703
8 0.8860677083333334 0.6226851851851852 0.08984375 0.10185185185185185
2 0.8834635416666666 0.7523148148148148 0.10026041666666667 0.18518518518518517