10 0.19140625 0.5300925925925926 0.109375 0.21296296296296297
10 0.23177083333333334 0.6703703703703704 0.13229166666666667 0.24074074074074073
10 0.05 0.49537037037037035 0.08958333333333333 0.19444444444444445
10 0.1015625 0.5657407407407408 0.046875 0.10925925925925926
3 0.04791666666666667 0.6722222222222223 0.06041666666666667 0.11851851851851852
3 0.1078125 0.6638888888888889 0.06354166666666666 0.10925925925925926
6 0.1390625 0.7685185185185185 0.15520833333333334 0.25925925925925924
6 0.06145833333333333 0.7046296296296296 0.12291666666666666 0.29444444444444445
7 0.4166666666666667 0.6796296296296296 0.07083333333333333 0.22592592592592592
7 0.5380208333333333 0.6166666666666667 0.109375 0.17037037037037037
7 0.5 0.7907407407407407 0.11041666666666666 0.14444444444444443
0 0.38645833333333335 0.737037037037037 0.035416666666666666 0.11851851851851852
7 0.4348958333333333 0.7611111111111111 0.10729166666666666 0.17407407407407408
7 0.4661458333333333 0.6259259259259259 0.12604166666666666 0.1814814814814815
7 0.5859375 0.8083333333333333 0.057291666666666664 0.14629629629629629
7 0.5755208333333334 0.6018518518518519 0.059375 0.1259259259259259
7 0.5364583333333334 0.7296296296296296 0.06041666666666667 0.1925925925925926
8 0.7265625 0.6611111111111111 0.08229166666666667 0.14444444444444443
14 0.7333333333333333 0.7537037037037037 0.06875 0.12962962962962962
14 0.7625 0.6351851851851852 0.0875 0.15925925925925927
3 0.7859375 0.7944444444444444 0.051041666666666666 0.10740740740740741
14 0.81875 0.6657407407407407 0.06041666666666667 0.09444444444444444
8 0.8880208333333334 0.6231481481481481 0.08229166666666667 0.10185185185185185
8 0.8427083333333333 0.8351851851851851 0.058333333333333334 0.14814814814814814
8 0.8958333333333334 0.7546296296296297 0.08333333333333333 0.18703703703703703
3 0.7526041666666666 0.8629629629629629 0.057291666666666664 0.0962962962962963
12 0.8458333333333333 0.6768518518518518 0.06041666666666667 0.06851851851851852
12 0.828125 0.7981481481481482 0.07916666666666666 0.07407407407407407
12 0.20416666666666666 0.5972222222222222 0.05625 0.10925925925925926
3 0.4049479166666667 0.33564814814814814 0.09375 0.17592592592592593
8 0.626953125 0.10532407407407407 0.09765625 0.16898148148148148
12 0.6106770833333334 0.12731481481481483 0.052083333333333336 0.07407407407407407