13 0.46168750000000003 0.6230092592592593 0.06544270833333334 0.11942592592592592
2 0.5185729166666666 0.668962962962963 0.11163541666666667 0.26516666666666666
1 0.42878645833333334 0.7243703703703704 0.09372916666666667 0.18499074074074073
7 0.7789635416666666 0.6902962962962963 0.11269270833333334 0.060861111111111116
7 0.768609375 0.7615462962962963 0.098046875 0.10465740740740741
7 0.7100260416666667 0.7138703703703704 0.04349479166666667 0.13491666666666668
7 0.7944895833333334 0.7470648148148149 0.09426041666666667 0.0775
14 0.15805729166666668 0.7950833333333334 0.07679166666666666 0.08919444444444444
14 0.16916145833333335 0.7226111111111111 0.051468749999999994 0.11293518518518518
1 0.21090625 0.6450462962962963 0.058093750000000006 0.07799074074074075
1 0.207609375 0.741037037037037 0.06433333333333333 0.11524074074074074
12 0.17592708333333332 0.6351296296296297 0.013682291666666667 0.06852777777777778
13 0.5217291666666667 0.8099999999999999 0.028666666666666667 0.035111111111111114
11 0.5286875 0.7984351851851851 0.065796875 0.033324074074074075
12 0.5356614583333333 0.7754074074074074 0.013557291666666667 0.05961111111111111
11 0.4693020833333333 0.8004629629629629 0.08365104166666668 0.05631481481481482
13 0.37673958333333335 0.7572500000000001 0.03141666666666667 0.06951851851851852
13 0.39106250000000004 0.6629259259259259 0.03890625 0.13133333333333333
11 0.552078125 0.7735277777777777 0.036578125 0.039842592592592596
11 0.481921875 0.7556481481481482 0.006880208333333334 0.07172222222222221
5 0.7006927083333333 0.1414351851851852 0.124828125 0.2828703703703704