7 0.7789635416666666 0.6902962962962963 0.11269270833333334 0.060861111111111116
7 0.768609375 0.7615462962962963 0.098046875 0.10465740740740741
7 0.7100260416666667 0.7138703703703704 0.04349479166666667 0.13491666666666668
7 0.7944895833333334 0.7470648148148149 0.09426041666666667 0.0775
14 0.15805729166666668 0.7950833333333334 0.07679166666666666 0.08919444444444444
14 0.16916145833333335 0.7226111111111111 0.051468749999999994 0.11293518518518518
1 0.212203125 0.73675 0.07091145833333333 0.11538888888888889
1 0.21090625 0.6450462962962963 0.058093750000000006 0.07799074074074075
12 0.17592708333333332 0.6351296296296297 0.013682291666666667 0.06852777777777778
13 0.46168750000000003 0.6230092592592593 0.06544270833333334 0.11942592592592592
2 0.5185729166666666 0.668962962962963 0.11163541666666667 0.26516666666666666
12 0.5356510416666667 0.7754722222222222 0.016979166666666667 0.06444444444444444
11 0.45972916666666663 0.7165185185185186 0.01719270833333333 0.09216666666666667
11 0.47803125 0.7539351851851852 0.014005208333333333 0.1005
11 0.4693020833333333 0.8004629629629629 0.08365104166666668 0.05631481481481482
13 0.3762135416666667 0.761 0.03141666666666667 0.06201851851851852
1 0.4203385416666666 0.7003703703703703 0.09550520833333334 0.18562037037037038
13 0.520484375 0.8115277777777778 0.03220833333333333 0.04012037037037037
11 0.5276197916666666 0.7993611111111111 0.06640625 0.030324074074074073
11 0.5524166666666667 0.7735462962962962 0.036411458333333334 0.042333333333333334
5 0.7043385416666667 0.14953703703703702 0.13211458333333334 0.29907407407407405