2 0.53828125 0.6361851851851852 0.08594270833333333 0.3181296296296296
1 0.4197552083333333 0.7200925925925926 0.07405729166666666 0.18499074074074073
7 0.7789635416666666 0.6902962962962963 0.11269270833333334 0.060861111111111116
7 0.768609375 0.7615462962962963 0.098046875 0.10465740740740741
7 0.7072291666666667 0.700425925925926 0.05263020833333333 0.16967592592592592
7 0.7944895833333334 0.7470648148148149 0.09426041666666667 0.0775
14 0.15805729166666668 0.7950833333333334 0.07679166666666666 0.08919444444444444
13 0.5237552083333333 0.808037037037037 0.026822916666666665 0.035111111111111114
13 0.37673958333333335 0.7572500000000001 0.03141666666666667 0.06951851851851852
13 0.39253645833333334 0.6707870370370371 0.03890625 0.12085185185185186
11 0.5501927083333332 0.7753888888888889 0.039510416666666666 0.04504629629629629
5 0.640015625 0.18962962962962965 0.10582291666666667 0.2606851851851852
13 0.4575833333333333 0.6135925925925926 0.057854166666666665 0.12990740740740742
10 0.47965625 0.734925925925926 0.078046875 0.09599074074074074
4 0.7547916666666666 0.8128888888888889 0.07634895833333334 0.05466666666666667
4 0.49021875000000004 0.6707407407407407 0.07055208333333333 0.07574074074074073
1 0.5001875 0.6119814814814816 0.057515625 0.09753703703703705
4 0.47091666666666665 0.7923518518518519 0.08084895833333333 0.07606481481481482
13 0.42818229166666666 0.578 0.06323958333333334 0.10197222222222221
13 0.3875677083333333 0.7808518518518519 0.03540104166666667 0.07685185185185185
10 0.16953125 0.6892777777777778 0.05769270833333333 0.08501851851851851
1 0.21407291666666667 0.6294722222222222 0.06821875 0.1341388888888889