2 0.5185729166666666 0.668962962962963 0.11163541666666667 0.26516666666666666
13 0.46168750000000003 0.6230092592592593 0.06544270833333334 0.11942592592592592
1 0.42878645833333334 0.7243703703703704 0.09372916666666667 0.18499074074074073
7 0.7789635416666666 0.6902962962962963 0.11269270833333334 0.060861111111111116
7 0.768609375 0.7615462962962963 0.098046875 0.10465740740740741
7 0.7100260416666667 0.7138703703703704 0.04349479166666667 0.13491666666666668
7 0.7944895833333334 0.7470648148148149 0.09426041666666667 0.0775
14 0.15805729166666668 0.7950833333333334 0.07679166666666666 0.08919444444444444
14 0.16916145833333335 0.7226111111111111 0.051468749999999994 0.11293518518518518
1 0.21090625 0.6450462962962963 0.058093750000000006 0.07799074074074075
1 0.20865104166666668 0.7373333333333334 0.07891666666666668 0.12264814814814816
12 0.17592708333333332 0.6351296296296297 0.013682291666666667 0.06852777777777778
13 0.5237552083333333 0.808037037037037 0.026822916666666665 0.035111111111111114
12 0.5356614583333333 0.7754074074074074 0.013557291666666667 0.05961111111111111
13 0.37673958333333335 0.7572500000000001 0.03141666666666667 0.06951851851851852
13 0.39106250000000004 0.6629259259259259 0.03890625 0.13133333333333333
11 0.552078125 0.7735277777777777 0.036578125 0.039842592592592596
5 0.7111093749999999 0.13773148148148148 0.12899479166666666 0.27544444444444444
13 0.43672916666666667 0.6199351851851852 0.03606770833333333 0.04612962962962963
10 0.47021875 0.7568611111111111 0.07958333333333334 0.1381111111111111
4 0.7547916666666666 0.8128888888888889 0.07634895833333334 0.05466666666666667