2 0.54440625 0.5888703703703704 0.07934375 0.22517592592592592
5 0.46264062499999997 0.6932962962962963 0.15699479166666666 0.2771018518518518
7 0.7789635416666666 0.6902962962962963 0.11269270833333334 0.060861111111111116
7 0.768609375 0.7615462962962963 0.098046875 0.10465740740740741
7 0.7072291666666667 0.700425925925926 0.05263020833333333 0.16967592592592592
7 0.7944895833333334 0.7470648148148149 0.09426041666666667 0.0775
14 0.15805729166666668 0.7950833333333334 0.07679166666666666 0.08919444444444444
13 0.5237552083333333 0.808037037037037 0.026822916666666665 0.035111111111111114
13 0.37673958333333335 0.7572500000000001 0.03141666666666667 0.06951851851851852
13 0.39253645833333334 0.6707870370370371 0.03890625 0.12085185185185186
11 0.5501927083333332 0.7753888888888889 0.039510416666666666 0.04504629629629629
4 0.7547916666666666 0.8128888888888889 0.07634895833333334 0.05466666666666667
1 0.5039583333333334 0.6077962962962963 0.057515625 0.09753703703703705
13 0.42818229166666666 0.578 0.06323958333333334 0.10197222222222221
13 0.3875677083333333 0.7808518518518519 0.03540104166666667 0.07685185185185185
1 0.202484375 0.647287037037037 0.07647395833333334 0.12469444444444443