1 0.42839062499999997 0.7194444444444444 0.08924479166666667 0.17608333333333331
7 0.7789635416666666 0.6902962962962963 0.11269270833333334 0.060861111111111116
7 0.768609375 0.7615462962962963 0.098046875 0.10465740740740741
7 0.7100260416666667 0.7138703703703704 0.04349479166666667 0.13491666666666668
7 0.7944895833333334 0.7470648148148149 0.09426041666666667 0.0775
14 0.15805729166666668 0.7950833333333334 0.07679166666666666 0.08919444444444444
14 0.16916145833333335 0.7226111111111111 0.051468749999999994 0.11293518518518518
1 0.21090625 0.6450462962962963 0.058093750000000006 0.07799074074074075
1 0.20708854166666668 0.7382592592592593 0.065375 0.11709259259259258
12 0.17592708333333332 0.6351296296296297 0.013682291666666667 0.06852777777777778
13 0.46168750000000003 0.6230092592592593 0.06544270833333334 0.11942592592592592
2 0.5185729166666666 0.668962962962963 0.11163541666666667 0.26516666666666666
11 0.5504635416666667 0.7732407407407408 0.036703124999999996 0.043731481481481475
12 0.5376614583333333 0.777537037037037 0.023963541666666664 0.08663888888888888
11 0.47803125 0.7539351851851852 0.014005208333333333 0.1005
11 0.4693020833333333 0.8004629629629629 0.08365104166666668 0.05631481481481482
13 0.3762135416666667 0.761 0.03141666666666667 0.06201851851851852
13 0.3875 0.6692592592592592 0.03653125 0.12148148148148147
11 0.5292447916666666 0.8002407407407407 0.06709895833333333 0.031185185185185184
13 0.5199270833333334 0.8096296296296296 0.03257291666666667 0.037361111111111116
5 0.7014739583333333 0.14722222222222223 0.13159375 0.29444444444444445