7 0.7789635416666666 0.6902962962962963 0.11269270833333334 0.060861111111111116
7 0.768609375 0.7615462962962963 0.098046875 0.10465740740740741
7 0.7100260416666667 0.7138703703703704 0.04349479166666667 0.13491666666666668
7 0.7944895833333334 0.7470648148148149 0.09426041666666667 0.0775
14 0.15805729166666668 0.7950833333333334 0.07679166666666666 0.08919444444444444
14 0.16916145833333335 0.7226111111111111 0.051468749999999994 0.11293518518518518
1 0.21090625 0.6450462962962963 0.058093750000000006 0.07799074074074075
1 0.2070625 0.7440185185185185 0.06083333333333333 0.0976574074074074
12 0.17592708333333332 0.6351296296296297 0.013682291666666667 0.06852777777777778
13 0.3880989583333333 0.6736574074074073 0.041625 0.1350185185185185
13 0.46168750000000003 0.6230092592592593 0.06544270833333334 0.11942592592592592
12 0.40855729166666666 0.7268796296296296 0.11069270833333333 0.06220370370370371
12 0.41583333333333333 0.7009444444444445 0.044286458333333334 0.09162962962962963
2 0.5185729166666666 0.668962962962963 0.11163541666666667 0.26516666666666666
12 0.5376614583333333 0.777537037037037 0.023963541666666664 0.08663888888888888
11 0.4532291666666667 0.7403425925925926 0.007682291666666666 0.08808333333333333
11 0.45972916666666663 0.7165185185185186 0.01719270833333333 0.09216666666666667
11 0.47803125 0.7539351851851852 0.014005208333333333 0.1005
11 0.41502083333333334 0.7801944444444444 0.08647916666666666 0.045342592592592594
11 0.464734375 0.7406666666666666 0.058921875 0.03067592592592593
11 0.4693020833333333 0.8004629629629629 0.08365104166666668 0.05631481481481482
11 0.444171875 0.779074074074074 0.031229166666666665 0.05683333333333333
13 0.3762135416666667 0.761 0.03141666666666667 0.06201851851851852
1 0.4127395833333333 0.5788796296296297 0.099203125 0.20532407407407408
13 0.521 0.8115462962962964 0.032010416666666666 0.037203703703703704
11 0.5277499999999999 0.7992870370370371 0.0680625 0.031212962962962963
11 0.5521979166666667 0.7735185185185185 0.035770833333333335 0.04209259259259259
5 0.6976979166666666 0.15069444444444444 0.12665104166666666 0.3013888888888889