10 0.04740625 0.4976203703703703 0.08959895833333334 0.1955925925925926
3 0.785078125 0.7954166666666667 0.051171875 0.10587962962962963
3 0.045807291666666666 0.6706296296296296 0.058520833333333334 0.11753703703703704
7 0.46659375000000003 0.6277407407407408 0.12500520833333334 0.1818611111111111
3 0.7551302083333333 0.8678055555555556 0.056296875 0.09689814814814815
7 0.5862708333333334 0.8104074074074075 0.059041666666666666 0.14539814814814814
2 0.8933177083333333 0.7592777777777777 0.087515625 0.19101851851851853
14 0.8175208333333334 0.669212962962963 0.05465104166666667 0.09474074074074074
6 0.12252604166666667 0.7590185185185185 0.1270625 0.24150925925925926
6 0.056963541666666666 0.7018148148148149 0.11393229166666667 0.2936944444444444
3 0.10247916666666666 0.6582777777777779 0.05965104166666667 0.10487037037037038
14 0.7646822916666667 0.6367870370370371 0.09252083333333333 0.15075925925925926
8 0.8460364583333334 0.8409537037037037 0.06303645833333334 0.15150925925925926
10 0.09650520833333333 0.5623425925925927 0.046109375 0.11323148148148149
0 0.388625 0.7365833333333334 0.03500520833333333 0.1194537037037037
7 0.41690625000000003 0.6795555555555555 0.075046875 0.22777777777777777
7 0.5385572916666667 0.614824074074074 0.11235416666666667 0.1661388888888889
14 0.7330572916666667 0.7599074074074075 0.071015625 0.12816666666666665
7 0.4381302083333333 0.7605925925925926 0.110671875 0.17871296296296296
8 0.7269739583333333 0.6655462962962962 0.07831250000000001 0.14668518518518517
7 0.5104166666666666 0.762898148148148 0.10582291666666667 0.20497222222222222
2 0.20865104166666668 0.612212962962963 0.14378645833333334 0.2624444444444444
7 0.5748645833333333 0.6064351851851852 0.058984375 0.12429629629629631
8 0.8899791666666667 0.6220462962962963 0.08290625 0.10143518518518518
12 0.8425364583333333 0.8124722222222223 0.10310416666666668 0.11089814814814815
12 0.8488697916666667 0.6750648148148148 0.060640625000000004 0.05768518518518518
1 0.04303125 0.21937037037037035 0.060468749999999995 0.11766666666666667
7 0.5582708333333334 0.7894074074074073 0.058817708333333336 0.16141666666666668
1 0.07871354166666666 0.3027592592592593 0.07888541666666667 0.1204074074074074
7 0.5033177083333333 0.7480925925925926 0.10506770833333333 0.15287962962962964
8 0.837796875 0.6756203703703704 0.03601041666666667 0.10310185185185185
8 0.7949583333333333 0.6906944444444445 0.05294270833333334 0.10100925925925926
12 0.793921875 0.6904722222222223 0.04288541666666667 0.07464814814814816
8 0.8284270833333333 0.7679907407407407 0.049401041666666666 0.12235185185185184