10 0.19078645833333333 0.49240740740740735 0.11333854166666667 0.13141666666666668
10 0.048046875 0.5022962962962964 0.09155729166666667 0.19910185185185186
10 0.103265625 0.5649166666666667 0.0456875 0.108
10 0.23538541666666665 0.6762407407407408 0.12410416666666667 0.23075
7 0.5774895833333333 0.604175925925926 0.0548125 0.13128703703703704
7 0.5846979166666666 0.806287037037037 0.05876041666666666 0.1470925925925926
6 0.070234375 0.715962962962963 0.13265104166666666 0.3135277777777778
14 0.8457604166666666 0.8408611111111111 0.060708333333333336 0.14747222222222223
3 0.04405208333333333 0.6727407407407406 0.06096354166666666 0.11836111111111111
8 0.8944270833333333 0.7582314814814815 0.0863125 0.18493518518518517
0 0.3879375 0.7385277777777778 0.034671875 0.11874074074074074
3 0.7544427083333333 0.8674166666666666 0.058130208333333336 0.09916666666666667
3 0.09555208333333334 0.656425925925926 0.06355208333333333 0.10840740740740741
14 0.7322187499999999 0.7574444444444444 0.07088541666666666 0.13282407407407407
12 0.82625 0.790787037037037 0.07995833333333334 0.09516666666666666
8 0.7306875 0.6669259259259259 0.06680729166666667 0.15003703703703702
8 0.8869270833333334 0.6203518518518518 0.08373958333333334 0.10096296296296296
3 0.787234375 0.7960092592592594 0.05198958333333333 0.10373148148148148
12 0.8502604166666666 0.6820555555555555 0.05803645833333334 0.06021296296296296
12 0.7936197916666666 0.6909722222222222 0.03515625 0.07175925925925926
14 0.765625 0.6458333333333334 0.0859375 0.1712962962962963
8 0.8411458333333334 0.6759259259259259 0.0390625 0.09259259259259259
7 0.5598854166666667 0.7719537037037038 0.079765625 0.18350925925925926
7 0.5035989583333333 0.7620370370370371 0.115640625 0.11646296296296296
7 0.531609375 0.6115648148148148 0.103765625 0.16175
7 0.47972395833333337 0.6309444444444444 0.09022916666666667 0.15506481481481482
7 0.41719791666666667 0.6853796296296296 0.06646875000000001 0.228
2 0.18885416666666668 0.6172592592592593 0.13059375 0.26970370370370367