3 0.04645833333333334 0.6735925925925926 0.06269270833333333 0.11862037037037039
7 0.41439583333333335 0.6812314814814815 0.07328645833333333 0.23383333333333334
7 0.5833958333333332 0.8012777777777778 0.055088541666666664 0.1294074074074074
0 0.3858802083333333 0.7392592592592593 0.031656250000000004 0.11648148148148148
14 0.8439218749999999 0.8302407407407407 0.067890625 0.15062037037037035
3 0.7517395833333332 0.8686481481481482 0.05850520833333333 0.10158333333333333
3 0.10855729166666667 0.6611018518518519 0.06555729166666667 0.10473148148148148
12 0.8480833333333333 0.6811944444444445 0.053307291666666666 0.041296296296296296
14 0.7324635416666666 0.7524907407407407 0.06336979166666666 0.13946296296296296
10 0.18979166666666666 0.5048148148148148 0.11343750000000001 0.18000925925925926
10 0.23875520833333336 0.6687222222222222 0.12196875 0.23292592592592593
10 0.05021875 0.5018055555555556 0.084296875 0.21564814814814814
10 0.10139583333333334 0.5728981481481482 0.04513020833333334 0.08199074074074074
12 0.207765625 0.6015648148148148 0.04332291666666667 0.08646296296296296
11 0.26752604166666666 0.49997222222222226 0.046197916666666665 0.08235185185185186
6 0.13445833333333335 0.7668425925925927 0.14078645833333334 0.24039814814814814
8 0.7323333333333333 0.665 0.06970833333333333 0.12925925925925924
3 0.786625 0.8047685185185185 0.05540104166666667 0.10897222222222222
12 0.8414479166666666 0.8070925925925926 0.09627083333333333 0.08581481481481482
2 0.8961302083333333 0.7852870370370371 0.091078125 0.2576111111111111
8 0.8874010416666667 0.6210185185185185 0.08677604166666668 0.07906481481481481
12 0.7949635416666666 0.6911574074074075 0.040802083333333336 0.0723148148148148
14 0.7652812499999999 0.6414166666666666 0.08975 0.13939814814814816
8 0.7959999999999999 0.6920555555555555 0.05502604166666667 0.1146574074074074
8 0.8368854166666666 0.6772407407407407 0.03783333333333334 0.1035648148148148
8 0.800171875 0.7552592592592592 0.05121875 0.07837037037037037
12 0.7926197916666666 0.737212962962963 0.040281250000000005 0.08669444444444444
2 0.509046875 0.5904907407407407 0.158171875 0.16339814814814815
7 0.50253125 0.7256111111111111 0.11913020833333333 0.08455555555555555
7 0.5077447916666666 0.7673055555555556 0.09829687499999999 0.2024166666666667
7 0.5533125 0.7647592592592594 0.06964583333333334 0.1936203703703704
7 0.4324895833333333 0.7663796296296297 0.10924479166666666 0.16724074074074075