10 0.048046875 0.5022962962962964 0.09155729166666667 0.19910185185185186
10 0.103265625 0.5649166666666667 0.0456875 0.108
10 0.19313020833333333 0.5362037037037037 0.10864583333333333 0.21622222222222223
7 0.539 0.7320925925925925 0.061286458333333335 0.1889259259259259
10 0.23147395833333334 0.6713703703703704 0.131921875 0.24048148148148152
7 0.500671875 0.7946018518518518 0.110140625 0.14434259259259258
7 0.4658697916666667 0.6266018518518519 0.12633333333333333 0.18397222222222223
7 0.5846979166666666 0.806287037037037 0.05876041666666666 0.1470925925925926
6 0.05928645833333333 0.7034537037037037 0.11857291666666667 0.2940648148148148
14 0.8457604166666666 0.8408611111111111 0.060708333333333336 0.14747222222222223
7 0.5405677083333333 0.6155833333333334 0.11091145833333332 0.17174074074074072
6 0.14253125000000003 0.7720277777777778 0.15818229166666667 0.2593518518518519
12 0.20560416666666667 0.6006574074074075 0.05668229166666667 0.10915740740740741
7 0.5752395833333334 0.6045185185185186 0.05890625 0.12345370370370372
7 0.43709375 0.7620555555555555 0.10779166666666667 0.17308333333333334
3 0.04405208333333333 0.6727407407407406 0.06096354166666666 0.11836111111111111
8 0.8944270833333333 0.7582314814814815 0.0863125 0.18493518518518517
7 0.41575 0.6801018518518518 0.07253124999999999 0.22937962962962963
0 0.3879375 0.7385277777777778 0.034671875 0.11874074074074074
3 0.7544427083333333 0.8674166666666666 0.058130208333333336 0.09916666666666667
3 0.10963020833333334 0.6633796296296297 0.06355208333333333 0.10840740740740741
14 0.7322187499999999 0.7574444444444444 0.07088541666666666 0.13282407407407407
12 0.82625 0.790787037037037 0.07995833333333334 0.09516666666666666
8 0.7306875 0.6669259259259259 0.06680729166666667 0.15003703703703702
8 0.8869270833333334 0.6203518518518518 0.08373958333333334 0.10096296296296296
3 0.787234375 0.7960092592592594 0.05198958333333333 0.10373148148148148
12 0.8502604166666666 0.6820555555555555 0.05803645833333334 0.06021296296296296
12 0.7936197916666666 0.6909722222222222 0.03515625 0.07175925925925926
14 0.765625 0.6458333333333334 0.0859375 0.1712962962962963
8 0.8411458333333334 0.6759259259259259 0.0390625 0.09259259259259259