10 0.04729166666666666 0.4979444444444444 0.08921354166666666 0.19461111111111112
3 0.7855624999999999 0.7948611111111111 0.051859375 0.10533333333333333
3 0.04523958333333333 0.6715925925925926 0.05802604166666667 0.11624999999999999
7 0.586078125 0.8109444444444445 0.06069791666666667 0.14450925925925925
7 0.46641666666666665 0.6281111111111112 0.12693229166666667 0.18567592592592594
8 0.8936666666666666 0.7585740740740741 0.08672916666666668 0.19189814814814815
6 0.14051041666666667 0.7690277777777778 0.16536458333333334 0.2579444444444444
6 0.05657291666666667 0.7026018518518518 0.11314583333333333 0.29400925925925925
10 0.09634895833333333 0.5621759259259259 0.046052083333333334 0.11275925925925925
3 0.754828125 0.8676759259259259 0.05603645833333334 0.09669444444444444
3 0.10211458333333333 0.6587314814814814 0.059598958333333334 0.10522222222222222
14 0.8178958333333333 0.6694907407407407 0.05474479166666667 0.09451851851851852
8 0.8460729166666667 0.8408518518518519 0.06292708333333333 0.1515277777777778
14 0.7666822916666667 0.6358055555555555 0.09297916666666667 0.15156481481481482
7 0.41631250000000003 0.6775925925925925 0.07360416666666666 0.22775925925925924
0 0.38866666666666666 0.7364722222222222 0.03608854166666667 0.11855555555555555
7 0.5754583333333334 0.6060092592592593 0.05830208333333333 0.1265462962962963
7 0.498765625 0.7607037037037037 0.10027604166666666 0.12326851851851851
8 0.7270156249999999 0.6649074074074074 0.07960416666666667 0.14619444444444443
14 0.73278125 0.7603333333333333 0.07198958333333333 0.12717592592592591
7 0.5387500000000001 0.6141851851851853 0.11433333333333334 0.16433333333333333
12 0.8292916666666666 0.7976203703703704 0.077734375 0.08116666666666666
7 0.43878645833333335 0.7585833333333333 0.10938020833333333 0.1769074074074074
8 0.8896145833333333 0.6219722222222223 0.08420312499999999 0.10124074074074074
2 0.209015625 0.6053518518518518 0.149765625 0.2750648148148148
12 0.8488020833333334 0.6749537037037038 0.060828125000000004 0.05951851851851852
7 0.5389947916666666 0.7507314814814815 0.06063020833333333 0.2267037037037037
7 0.558078125 0.7860277777777778 0.05815625 0.1676851851851852
10 0.18471354166666665 0.4921203703703704 0.10805208333333334 0.13903703703703704
8 0.8368749999999999 0.6741574074074075 0.04265625 0.09639814814814815
12 0.7931302083333333 0.6882962962962963 0.04627083333333334 0.0835462962962963
8 0.7963854166666666 0.6940833333333334 0.055671875 0.11825