5 0.315703125 0.2839537037037037 0.1139375 0.18667592592592594
6 0.2501770833333333 0.32551851851851854 0.10191666666666667 0.1602962962962963
12 0.439671875 0.7455555555555556 0.05121354166666667 0.13
8 0.4393697916666667 0.7393425925925926 0.073796875 0.16271296296296295
7 0.7851510416666667 0.5662870370370371 0.05053125 0.25757407407407407
8 0.801 0.5144166666666667 0.12282812500000001 0.13994444444444443
7 0.798578125 0.7845277777777777 0.052890625 0.19020370370370368
7 0.8788697916666667 0.8171481481481482 0.11726041666666666 0.09262962962962963
8 0.844375 0.7407777777777778 0.06895833333333333 0.10192592592592592
7 0.7114166666666667 0.7430277777777778 0.047828125 0.11105555555555556
8 0.7415937499999999 0.6702222222222223 0.0535 0.09971296296296296
8 0.8442395833333334 0.6311574074074073 0.08431770833333332 0.13268518518518518
7 0.8988802083333333 0.7456851851851852 0.08681770833333333 0.10247222222222223
7 0.7420885416666666 0.8159074074074074 0.062302083333333334 0.07625925925925926
7 0.952828125 0.7721296296296296 0.06829687499999999 0.09517592592592593
7 0.9227239583333334 0.617287037037037 0.07200520833333333 0.12808333333333335
6 0.46140624999999996 0.5875555555555555 0.14416145833333335 0.15658333333333335
1 0.4447552083333333 0.6240740740740741 0.053572916666666665 0.09537037037037037
7 0.48627604166666666 0.34569444444444447 0.06890625 0.10805555555555556
1 0.5158437499999999 0.7560370370370371 0.086296875 0.15281481481481482
10 0.5719010416666667 0.6403425925925926 0.039635416666666666 0.07117592592592593
10 0.5639479166666667 0.7414444444444445 0.043973958333333334 0.04145370370370371
12 0.560984375 0.5299814814814815 0.036890624999999996 0.0835462962962963
8 0.5704479166666666 0.541675925925926 0.06016666666666667 0.11112962962962962
1 0.16921875 0.6851296296296296 0.06554687499999999 0.12515740740740738
5 0.09911979166666667 0.24762962962962962 0.181578125 0.27673148148148147
1 0.040718750000000005 0.5101111111111111 0.08144270833333334 0.16067592592592592