6 0.12627604166666667 0.7446481481481482 0.08380208333333333 0.1300462962962963
8 0.45615104166666665 0.7470092592592592 0.06854687500000001 0.16069444444444445
8 0.571578125 0.54675 0.061911458333333336 0.11942592592592592
7 0.5110260416666667 0.7305925925925926 0.057463541666666666 0.20192592592592593
7 0.5502447916666667 0.7943425925925925 0.044244791666666665 0.08126851851851852
7 0.73009375 0.5504629629629629 0.07060416666666666 0.10260185185185186
7 0.7112708333333334 0.7425277777777778 0.05171354166666667 0.10357407407407407
7 0.742265625 0.8147129629629629 0.06369791666666666 0.08867592592592592
7 0.7995520833333334 0.7846203703703704 0.05535416666666667 0.20853703703703705
7 0.894109375 0.7448148148148148 0.08822395833333332 0.11185185185185186
7 0.8784635416666667 0.8195833333333333 0.12015624999999999 0.07564814814814814
7 0.921796875 0.6176759259259259 0.07098958333333334 0.1202037037037037
7 0.9499947916666667 0.7774074074074074 0.07917708333333334 0.09925925925925926
7 0.7885989583333333 0.5731203703703704 0.05219791666666666 0.26487037037037037
7 0.8963229166666667 0.6715 0.04889583333333333 0.09115740740740741
8 0.8475416666666666 0.6317962962962963 0.08408333333333333 0.1376574074074074
8 0.7372864583333333 0.6688518518518519 0.053734375 0.09696296296296296
8 0.7983125 0.5154722222222222 0.12628645833333332 0.13094444444444445
12 0.5607135416666666 0.5298796296296296 0.036015625 0.08199074074074074
12 0.452359375 0.7546666666666666 0.044307291666666665 0.15749074074074074
10 0.5711354166666667 0.6349907407407407 0.038109375 0.05964814814814815
10 0.5549947916666667 0.7487407407407407 0.05250520833333334 0.04562962962962963
6 0.4405 0.6444444444444445 0.16016666666666665 0.34074074074074073
7 0.7580104166666667 0.7477777777777778 0.04935416666666667 0.08444444444444445
5 0.15226562500000002 0.14710185185185184 0.17120312499999998 0.2349537037037037
2 0.16707291666666665 0.3307777777777778 0.13622916666666668 0.15414814814814815
14 0.07916145833333334 0.6359814814814815 0.04582291666666667 0.13862962962962963
6 0.25906770833333337 0.3270555555555556 0.09730729166666667 0.16523148148148148
2 0.27359374999999997 0.1172037037037037 0.1175 0.18348148148148147
5 0.320625 0.27547222222222223 0.10739583333333333 0.20372222222222222
1 0.1665572916666667 0.6603148148148148 0.08050520833333333 0.14934259259259258
1 0.045572916666666664 0.15844444444444444 0.09114583333333333 0.2013888888888889