1 0.38522395833333334 0.7561759259259259 0.09832291666666666 0.16931481481481483
11 0.4722864583333333 0.7548518518518519 0.08345833333333334 0.06878703703703705
11 0.4268958333333333 0.8156944444444445 0.10726041666666666 0.03175
11 0.4774895833333333 0.5974444444444444 0.017979166666666668 0.19047222222222224
9 0.3729427083333333 0.6437407407407407 0.049953125 0.0661388888888889
12 0.35336979166666665 0.5152222222222222 0.15310937500000002 0.055999999999999994
9 0.41610416666666666 0.6212500000000001 0.08865625 0.037037037037037035
5 0.3874583333333333 0.5524722222222221 0.10874479166666666 0.12169444444444445
0 0.5102291666666666 0.7568333333333334 0.07130729166666666 0.06481481481481481
9 0.5146979166666666 0.7601388888888889 0.03882291666666667 0.16666666666666666
8 0.5072604166666667 0.6622592592592592 0.05965625 0.12434259259259259
0 0.71003125 0.5716481481481481 0.030677083333333334 0.07275
7 0.766203125 0.7892407407407407 0.13971354166666666 0.11639814814814814
7 0.8696458333333333 0.742287037037037 0.05080208333333334 0.20237962962962963
7 0.840625 0.6821018518518518 0.04186458333333333 0.1640185185185185
2 0.17835416666666667 0.7131851851851851 0.08637500000000001 0.20502777777777778
6 0.09899479166666666 0.7005370370370371 0.10214583333333334 0.14005555555555554
11 0.4886510416666667 0.6026203703703704 0.011786458333333333 0.1774722222222222
11 0.34353645833333335 0.6561018518518519 0.038796874999999995 0.21569444444444444