5 0.153609375 0.14906481481481482 0.17179687500000002 0.22405555555555554
5 0.3212291666666667 0.2714722222222222 0.107046875 0.21700925925925926
2 0.16593750000000002 0.3366203703703704 0.11729166666666666 0.16952777777777778
2 0.278765625 0.12282407407407409 0.09502604166666666 0.20490740740740743
6 0.2612760416666667 0.32092592592592595 0.09619791666666666 0.1655648148148148
6 0.12627604166666667 0.7446481481481482 0.08380208333333333 0.1300462962962963
14 0.07625520833333334 0.6442685185185185 0.03376041666666666 0.1477962962962963
8 0.45615104166666665 0.7470092592592592 0.06854687500000001 0.16069444444444445
8 0.571578125 0.54675 0.061911458333333336 0.11942592592592592
7 0.5110260416666667 0.7305925925925926 0.057463541666666666 0.20192592592592593
7 0.5502447916666667 0.7943425925925925 0.044244791666666665 0.08126851851851852
7 0.73009375 0.5504629629629629 0.07060416666666666 0.10260185185185186
7 0.7112708333333334 0.7425277777777778 0.05171354166666667 0.10357407407407407
7 0.742265625 0.8147129629629629 0.06369791666666666 0.08867592592592592
7 0.7995520833333334 0.7846203703703704 0.05535416666666667 0.20853703703703705
7 0.894109375 0.7448148148148148 0.08822395833333332 0.11185185185185186
7 0.8784635416666667 0.8195833333333333 0.12015624999999999 0.07564814814814814
7 0.921796875 0.6176759259259259 0.07098958333333334 0.1202037037037037
7 0.9499947916666667 0.7774074074074074 0.07917708333333334 0.09925925925925926
7 0.7885989583333333 0.5731203703703704 0.05219791666666666 0.26487037037037037
7 0.8963229166666667 0.6715 0.04889583333333333 0.09115740740740741
8 0.8475416666666666 0.6317962962962963 0.08408333333333333 0.1376574074074074
8 0.7372864583333333 0.6688518518518519 0.053734375 0.09696296296296296
8 0.7983125 0.5154722222222222 0.12628645833333332 0.13094444444444445
12 0.5607135416666666 0.5298796296296296 0.036015625 0.08199074074074074
12 0.452359375 0.7546666666666666 0.044307291666666665 0.15749074074074074
10 0.5711354166666667 0.6349907407407407 0.038109375 0.05964814814814815
10 0.5549947916666667 0.7487407407407407 0.05250520833333334 0.04562962962962963
6 0.4405 0.6444444444444445 0.16016666666666665 0.34074074074074073
6 0.14340624999999999 0.6139537037037037 0.09722916666666667 0.17976851851851852
1 0.50490625 0.06921296296296296 0.12008333333333333 0.13842592592592592
7 0.7580104166666667 0.7477777777777778 0.04935416666666667 0.08444444444444445