5 0.098046875 0.2540185185185185 0.175265625 0.28119444444444447
5 0.31604687499999995 0.28301851851851856 0.11386979166666666 0.19103703703703703
2 0.24209375 0.13573148148148148 0.14825 0.16961111111111113
6 0.2501770833333333 0.32551851851851854 0.10191666666666667 0.1602962962962963
6 0.12305729166666667 0.7291851851851852 0.09507291666666666 0.15281481481481482
12 0.439671875 0.7455555555555556 0.05121354166666667 0.13
8 0.448359375 0.7387685185185185 0.073796875 0.16271296296296295
7 0.7851510416666667 0.5662870370370371 0.05053125 0.25757407407407407
8 0.801 0.5144166666666667 0.12282812500000001 0.13994444444444443
7 0.798578125 0.7845277777777777 0.052890625 0.19020370370370368
7 0.8788697916666667 0.8171481481481482 0.11726041666666666 0.09262962962962963
8 0.844375 0.7407777777777778 0.06895833333333333 0.10192592592592592
7 0.7114166666666667 0.7430277777777778 0.047828125 0.11105555555555556
8 0.7415937499999999 0.6702222222222223 0.0535 0.09971296296296296
8 0.8442395833333334 0.6311574074074073 0.08431770833333332 0.13268518518518518
7 0.5154270833333333 0.731212962962963 0.04386979166666667 0.20778703703703702
7 0.8988802083333333 0.7456851851851852 0.08681770833333333 0.10247222222222223
7 0.7420885416666666 0.8159074074074074 0.062302083333333334 0.07625925925925926
7 0.952828125 0.7721296296296296 0.06829687499999999 0.09517592592592593
7 0.9227239583333334 0.617287037037037 0.07200520833333333 0.12808333333333335
10 0.5593854166666666 0.7466944444444444 0.048463541666666665 0.043638888888888894
10 0.5732604166666667 0.6430925925925925 0.042359375 0.0639537037037037
6 0.47292708333333333 0.5875555555555555 0.16720833333333335 0.15658333333333335
1 0.4447552083333333 0.6240740740740741 0.053572916666666665 0.09537037037037037
7 0.48627604166666666 0.34569444444444447 0.06890625 0.10805555555555556
1 0.9583541666666666 0.2160277777777778 0.08329166666666667 0.2862777777777778