5 0.09827604166666666 0.2508425925925926 0.17919270833333334 0.2794537037037037
5 0.3142083333333333 0.274537037037037 0.10410416666666666 0.20647222222222222
6 0.25038020833333335 0.32584259259259263 0.09059895833333333 0.15400925925925926
6 0.127328125 0.7405277777777778 0.08668229166666667 0.15003703703703702
6 0.429546875 0.6568055555555555 0.13252604166666665 0.3112962962962963
8 0.4554739583333333 0.7497037037037036 0.07240104166666667 0.16608333333333333
8 0.5702291666666667 0.5506666666666666 0.054526041666666664 0.11752777777777779
8 0.7985 0.5177314814814815 0.115234375 0.1419537037037037
8 0.738515625 0.6724629629629629 0.04864583333333334 0.0995462962962963
8 0.8447083333333333 0.6310462962962963 0.080046875 0.13374074074074074
8 0.8477135416666666 0.7409537037037037 0.06759895833333333 0.10142592592592593
7 0.5103020833333333 0.7223333333333334 0.04924479166666666 0.2131851851851852
7 0.7859999999999999 0.5740370370370371 0.04596354166666667 0.259175925925926
7 0.73034375 0.5471944444444444 0.07005729166666666 0.09900925925925927
7 0.7967447916666667 0.7876481481481481 0.050515624999999995 0.20248148148148148
7 0.897640625 0.6715833333333333 0.047171874999999995 0.07812962962962963
7 0.92109375 0.6144722222222222 0.07395833333333333 0.1270925925925926
7 0.8944270833333333 0.7451759259259259 0.08572395833333334 0.10455555555555555
7 0.8743125 0.8184537037037036 0.12507291666666667 0.0783611111111111
7 0.9484270833333334 0.7730833333333332 0.076265625 0.09093518518518517
7 0.713375 0.7441388888888889 0.05175 0.1155925925925926
7 0.7396875 0.8168611111111111 0.062703125 0.08510185185185185
7 0.55196875 0.8011018518518519 0.0414375 0.07442592592592592
10 0.5690572916666666 0.6330462962962964 0.040453125 0.07163888888888889
10 0.5550729166666667 0.7508888888888889 0.05025 0.043444444444444445
12 0.5629947916666667 0.5319907407407407 0.036145833333333335 0.08249999999999999
12 0.45224479166666665 0.7552685185185186 0.043807291666666665 0.15174074074074073
7 0.4852447916666666 0.3393611111111111 0.06554166666666666 0.10464814814814814
1 0.362359375 0.091 0.06998958333333333 0.12367592592592593
1 0.629890625 0.20984259259259258 0.10284375 0.2007962962962963
1 0.9335677083333334 0.07637962962962963 0.12452083333333334 0.15275
1 0.11979166666666667 0.062425925925925926 0.13853645833333333 0.12485185185185185