5 0.15127083333333333 0.15287037037037038 0.17336979166666666 0.21686111111111112
5 0.3236041666666667 0.2713703703703704 0.10553645833333333 0.2057037037037037
14 0.07795833333333334 0.6366018518518518 0.045760416666666665 0.13591666666666666
2 0.27875 0.1125 0.10842187499999999 0.17603703703703705
2 0.171453125 0.3368148148148148 0.112015625 0.17276851851851852
2 0.26394791666666667 0.3200277777777778 0.09701041666666667 0.16207407407407406
2 0.127796875 0.7510925925925925 0.08060416666666666 0.11348148148148149
8 0.453625 0.7444814814814814 0.06454166666666666 0.1635462962962963
8 0.5720208333333333 0.5471481481481482 0.059432291666666665 0.11080555555555556
8 0.8004791666666667 0.5115092592592592 0.11580729166666666 0.14175925925925925
7 0.511234375 0.7360648148148149 0.05817708333333334 0.1945648148148148
7 0.553359375 0.7957592592592592 0.039765625 0.07601851851851851
7 0.7977500000000001 0.7811296296296296 0.055572916666666666 0.21299074074074073
7 0.8741875 0.8215370370370371 0.13070833333333334 0.0972962962962963
7 0.894484375 0.7441851851851852 0.09194270833333333 0.11628703703703704
7 0.7825104166666667 0.5668055555555556 0.05069270833333333 0.2699444444444445
7 0.9535781249999999 0.7698703703703704 0.070921875 0.10573148148148148
7 0.9230677083333333 0.6160462962962964 0.07704166666666666 0.12399074074074073
7 0.7099427083333333 0.7457592592592592 0.05909895833333333 0.1240462962962963
8 0.8490364583333334 0.6307592592592592 0.0738125 0.14364814814814814
6 0.437875 0.6608425925925926 0.152703125 0.31137037037037035
10 0.5726822916666666 0.6373055555555556 0.04724479166666666 0.07525
10 0.5562395833333333 0.7441296296296296 0.05652083333333333 0.06727777777777777
7 0.7427760416666668 0.8127407407407408 0.06301041666666667 0.09175925925925925