3 0.18364583333333334 0.5967314814814815 0.07571354166666668 0.13687037037037036
12 0.08734375 0.6915648148148148 0.038552083333333334 0.14303703703703702
13 0.13396354166666666 0.7479259259259259 0.024098958333333333 0.02386111111111111
13 0.15302083333333333 0.7660925925925925 0.02109375 0.024685185185185185
0 0.501703125 0.8088518518518518 0.048765625 0.07252777777777777
11 0.46114062499999997 0.7679444444444444 0.04755729166666667 0.013333333333333334
13 0.4400052083333333 0.8081574074074074 0.03372395833333333 0.04680555555555555
6 0.42743229166666663 0.7239537037037037 0.04525520833333333 0.13666666666666666
0 0.8110104166666667 0.5844074074074074 0.049338541666666666 0.1442314814814815
11 0.8239322916666667 0.6649444444444444 0.10215104166666666 0.1365462962962963
13 0.8640729166666666 0.6004537037037038 0.03748958333333333 0.08323148148148148
0 0.7909375 0.6760833333333333 0.09047916666666667 0.11497222222222223
0 0.7244062499999999 0.7544444444444444 0.07409375 0.164
0 0.7853489583333333 0.8081018518518519 0.065984375 0.09183333333333334
6 0.7035416666666666 0.7842407407407408 0.029458333333333333 0.0750648148148148
7 0.731609375 0.6156296296296296 0.07897916666666666 0.10062962962962964
7 0.8835625 0.7025370370370371 0.04510416666666666 0.16805555555555557
7 0.7511510416666667 0.7117685185185185 0.07388541666666668 0.12855555555555556
7 0.8505885416666668 0.6885833333333333 0.04722395833333334 0.15980555555555556
0 0.38333333333333336 0.7089722222222222 0.05244791666666667 0.15001851851851852
10 0.37373958333333335 0.6354722222222222 0.0445 0.11285185185185184
0 0.4683333333333334 0.6646388888888889 0.03985416666666666 0.07301851851851852
0 0.8743177083333333 0.5615462962962964 0.04255729166666666 0.07797222222222222
4 0.8593020833333332 0.7906666666666666 0.08694270833333334 0.09022222222222222
11 0.8469322916666666 0.7507314814814815 0.06283333333333334 0.04816666666666667
11 0.38061979166666665 0.6527685185185186 0.04538020833333333 0.118
4 0.5369479166666667 0.7881851851851852 0.05660416666666667 0.10614814814814814
9 0.7928489583333334 0.7775277777777778 0.0841875 0.12619444444444444
9 0.48604687500000004 0.757175925925926 0.02763541666666667 0.15552777777777776
11 0.17965104166666668 0.698925925925926 0.10194791666666667 0.04164814814814814
5 0.48800520833333333 0.5648425925925926 0.165546875 0.2873611111111111