10 0.4482291666666667 0.5725092592592592 0.09717708333333334 0.16219444444444445
4 0.462953125 0.5711574074074074 0.05888541666666667 0.09687962962962962
0 0.8102343750000001 0.5853796296296296 0.04867708333333333 0.153
7 0.7342864583333333 0.6154074074074074 0.08615624999999999 0.07822222222222222
7 0.749078125 0.7123888888888888 0.08817708333333334 0.1418888888888889
3 0.521359375 0.6889166666666666 0.0803125 0.19203703703703703
13 0.48559375 0.5858888888888889 0.028276041666666665 0.0745925925925926
13 0.19819791666666667 0.6936388888888889 0.06434375 0.14892592592592593
3 0.176828125 0.5885 0.07211458333333334 0.14116666666666666
3 0.4680989583333333 0.6401759259259259 0.033859375000000004 0.05646296296296296
12 0.08222916666666666 0.7198888888888889 0.009765625 0.14566666666666667
10 0.3807291666666667 0.6427314814814815 0.05158854166666667 0.1320648148148148
8 0.12207291666666667 0.6397222222222222 0.046515625 0.11439814814814815
8 0.11156770833333333 0.7741666666666667 0.08132291666666666 0.09363888888888888
9 0.18317708333333332 0.7384722222222222 0.08505729166666667 0.07000925925925926
0 0.4961041666666667 0.7946944444444445 0.07899479166666666 0.08530555555555555
13 0.8638333333333333 0.6107222222222223 0.04967708333333333 0.08474074074074074
0 0.8754114583333333 0.5628518518518518 0.046906250000000003 0.06839814814814815
0 0.7037656250000001 0.7540925925925925 0.0385 0.1272962962962963
10 0.49041666666666667 0.6628611111111111 0.02384375 0.09587037037037037
10 0.20969270833333334 0.7166296296296296 0.04016666666666667 0.05735185185185185
0 0.7368020833333334 0.7733888888888889 0.07980208333333333 0.16645370370370371
7 0.8908958333333333 0.703462962962963 0.05830208333333333 0.1798611111111111
0 0.7898958333333332 0.6741944444444444 0.09489583333333333 0.12189814814814816
0 0.7863697916666667 0.8105648148148148 0.06319270833333333 0.09275925925925926
0 0.8303854166666667 0.8250555555555555 0.03880729166666667 0.052620370370370366
10 0.4606302083333333 0.6793148148148148 0.06906770833333334 0.10656481481481482