3 0.18364583333333334 0.5967314814814815 0.07571354166666668 0.13687037037037036
10 0.21 0.7149537037037037 0.036994791666666665 0.05544444444444445
12 0.08734375 0.6915648148148148 0.038552083333333334 0.14303703703703702
13 0.13396354166666666 0.7479259259259259 0.024098958333333333 0.02386111111111111
13 0.15302083333333333 0.7660925925925925 0.02109375 0.024685185185185185
0 0.5018020833333333 0.8031111111111111 0.058921875 0.06516666666666666
11 0.46114062499999997 0.7679444444444444 0.04755729166666667 0.013333333333333334
13 0.48642187499999995 0.5872222222222223 0.027973958333333333 0.06710185185185186
11 0.49370312499999996 0.5825092592592592 0.011203125000000001 0.06350925925925927
13 0.4400052083333333 0.8081574074074074 0.03372395833333333 0.04680555555555555
3 0.525828125 0.6897314814814814 0.06892187500000001 0.1774074074074074
6 0.42743229166666663 0.7239537037037037 0.04525520833333333 0.13666666666666666
0 0.8110104166666667 0.5844074074074074 0.049338541666666666 0.1442314814814815
11 0.8239322916666667 0.6649444444444444 0.10215104166666666 0.1365462962962963
13 0.8640729166666666 0.6004537037037038 0.03748958333333333 0.08323148148148148
0 0.7909375 0.6760833333333333 0.09047916666666667 0.11497222222222223
0 0.7360156250000001 0.7728425925925926 0.07409375 0.164
0 0.7853489583333333 0.8081018518518519 0.065984375 0.09183333333333334
6 0.706265625 0.7858148148148147 0.03808854166666666 0.08849074074074073
7 0.731609375 0.6156296296296296 0.07897916666666666 0.10062962962962964
7 0.8835625 0.7025370370370371 0.04510416666666666 0.16805555555555557
7 0.7511510416666667 0.7117685185185185 0.07388541666666668 0.12855555555555556
7 0.8505885416666668 0.6885833333333333 0.04722395833333334 0.15980555555555556
0 0.38333333333333336 0.7089722222222222 0.05244791666666667 0.15001851851851852
10 0.37383333333333335 0.6336759259259259 0.0445 0.11285185185185184
0 0.4713645833333333 0.6612407407407407 0.03985416666666666 0.07285185185185186
13 0.5456354166666666 0.5705833333333333 0.019453125 0.03265740740740741
4 0.4550677083333333 0.5791388888888889 0.041088541666666666 0.09915740740740742
0 0.8743177083333333 0.5615462962962964 0.04255729166666666 0.07797222222222222
4 0.8593020833333332 0.7906666666666666 0.08694270833333334 0.09022222222222222
11 0.8469322916666666 0.7507314814814815 0.06283333333333334 0.04816666666666667
11 0.38061979166666665 0.6527685185185186 0.04538020833333333 0.118
11 0.43278125 0.6226666666666667 0.013958333333333333 0.14590740740740743
11 0.455859375 0.6636203703703704 0.025197916666666667 0.12191666666666666
9 0.4520989583333333 0.6380555555555556 0.06810416666666666 0.04618518518518519
9 0.49322916666666666 0.6963611111111112 0.015411458333333333 0.16949074074074075
4 0.5369479166666667 0.7881851851851852 0.05660416666666667 0.10614814814814814
9 0.43608854166666666 0.31874074074074077 0.03697916666666667 0.06413888888888888
9 0.494109375 0.6940740740740741 0.03311458333333333 0.15369444444444444
11 0.5277760416666667 0.5509259259259259 0.06684895833333333 0.03704629629629629
11 0.45052604166666665 0.5262222222222223 0.109359375 0.08022222222222222