6 0.5055104166666667 0.6326018518518519 0.21872395833333333 0.28378703703703706
11 0.17569270833333334 0.6954537037037037 0.11055208333333333 0.03701851851851851
0 0.8104791666666666 0.5862499999999999 0.04867708333333333 0.153
7 0.7361249999999999 0.6000833333333334 0.07999479166666666 0.10651851851851853
7 0.751265625 0.7168055555555556 0.08252604166666666 0.14006481481481484
3 0.18063020833333335 0.5892499999999999 0.07211458333333334 0.14116666666666666
12 0.08814583333333334 0.6879722222222222 0.03258333333333333 0.10737037037037037
9 0.18317708333333332 0.7414722222222222 0.08505729166666667 0.047481481481481486
0 0.5009635416666667 0.8048333333333334 0.04645833333333334 0.06352777777777778
13 0.8661458333333333 0.6002222222222222 0.04402604166666667 0.08565740740740742
0 0.8728437499999999 0.5628518518518518 0.04895833333333333 0.08664814814814814
10 0.20884895833333333 0.7125 0.042703124999999995 0.0641111111111111
0 0.7301249999999999 0.7551388888888888 0.07980208333333333 0.17375925925925925
4 0.866703125 0.786037037037037 0.09263020833333332 0.09551851851851852
7 0.8908958333333333 0.703462962962963 0.05830208333333333 0.1798611111111111
0 0.7898958333333332 0.6705462962962964 0.09489583333333333 0.12189814814814816
9 0.7925833333333333 0.7770370370370371 0.08724479166666667 0.12905555555555556
0 0.7863697916666667 0.8105648148148148 0.06319270833333333 0.09275925925925926
0 0.8303854166666667 0.8250555555555555 0.03880729166666667 0.052620370370370366
11 0.1665 0.7410092592592592 0.021166666666666667 0.1431388888888889
4 0.5332343749999999 0.7890462962962963 0.057942708333333336 0.10319444444444445
5 0.4204375 0.6902685185185186 0.15097395833333332 0.19056481481481483
11 0.8292447916666668 0.6735 0.08166145833333333 0.11537962962962962
11 0.8256145833333334 0.7373148148148148 0.10332812499999999 0.07150925925925926
9 0.7609479166666666 0.6264444444444444 0.08910416666666668 0.11801851851851851
9 0.8412083333333332 0.6228888888888889 0.03054166666666667 0.1807314814814815
9 0.6964114583333333 0.10340740740740742 0.04366145833333333 0.09237037037037038
9 0.8694166666666666 0.19616666666666668 0.09661458333333334 0.14833333333333332