3 0.09005729166666666 0.7435277777777778 0.08463020833333333 0.1382962962962963
12 0.5631822916666667 0.539212962962963 0.03558854166666667 0.08371296296296296
8 0.5712499999999999 0.5502407407407407 0.05321354166666667 0.1216388888888889
12 0.43009375 0.7456111111111111 0.03430208333333333 0.1287777777777778
8 0.43990104166666666 0.7450648148148148 0.06730208333333333 0.1567962962962963
7 0.5307447916666667 0.7561296296296296 0.033328125 0.15425925925925926
5 0.09411979166666667 0.2583796296296296 0.18824479166666666 0.2927592592592593
10 0.565609375 0.73475 0.04734895833333333 0.03298148148148148
10 0.5715260416666667 0.6381851851851852 0.041468750000000006 0.06488888888888888
7 0.7116927083333333 0.7433611111111111 0.048380208333333334 0.09793518518518518
3 0.49472916666666666 0.600462962962963 0.11263020833333333 0.20646296296296296
3 0.6338385416666666 0.3277222222222222 0.13298437500000002 0.23100925925925928