3 0.09005729166666666 0.7435277777777778 0.08463020833333333 0.1382962962962963
12 0.5631822916666667 0.539212962962963 0.03558854166666667 0.08371296296296296
8 0.5712499999999999 0.5502407407407407 0.05321354166666667 0.1216388888888889
12 0.43009375 0.7456111111111111 0.03430208333333333 0.1287777777777778
8 0.43990104166666666 0.7450648148148148 0.06730208333333333 0.1567962962962963
7 0.5308020833333333 0.7207777777777779 0.033328125 0.21933333333333332
5 0.09411979166666667 0.2583796296296296 0.18824479166666666 0.2927592592592593
6 0.4400677083333333 0.5742037037037037 0.13475 0.18492592592592594
10 0.565609375 0.73475 0.04734895833333333 0.03298148148148148
10 0.5715260416666667 0.6381851851851852 0.041468750000000006 0.06488888888888888
1 0.173140625 0.6525833333333333 0.060953125000000004 0.14037962962962963
7 0.7116927083333333 0.7433611111111111 0.048380208333333334 0.09793518518518518
1 0.3575 0.20613888888888887 0.13546875 0.23597222222222222
1 0.44250520833333334 0.30085185185185187 0.13831770833333332 0.24039814814814814