6 0.49883854166666663 0.6279722222222223 0.20538020833333331 0.274537037037037
11 0.17569270833333334 0.6954537037037037 0.11055208333333333 0.03701851851851851
0 0.8107291666666666 0.5853611111111111 0.04917708333333334 0.14589814814814814
7 0.738953125 0.5887037037037036 0.07969791666666667 0.1261111111111111
7 0.751265625 0.7168055555555556 0.08252604166666666 0.14006481481481484
3 0.18063020833333335 0.5892499999999999 0.07211458333333334 0.14116666666666666
12 0.08814583333333334 0.6879722222222222 0.03258333333333333 0.10737037037037037
9 0.18317708333333332 0.7414722222222222 0.08505729166666667 0.047481481481481486
0 0.5025885416666667 0.8062777777777778 0.045807291666666666 0.05832407407407408
13 0.8689687500000001 0.606212962962963 0.04402604166666667 0.08565740740740742
0 0.8723958333333334 0.5607314814814816 0.03853125 0.0855925925925926
10 0.20884895833333333 0.7125 0.042703124999999995 0.0641111111111111
0 0.725953125 0.7559351851851852 0.07205729166666666 0.17216666666666666
7 0.8908958333333333 0.703462962962963 0.05830208333333333 0.1798611111111111
0 0.7812552083333333 0.6673703703703704 0.09489583333333333 0.12189814814814816
9 0.7898020833333333 0.7702407407407408 0.07974479166666668 0.13083333333333336
0 0.783890625 0.8101759259259259 0.06944791666666666 0.09487962962962963
0 0.8303854166666667 0.8250555555555555 0.03880729166666667 0.052620370370370366
11 0.1665 0.7410092592592592 0.021166666666666667 0.1431388888888889
4 0.5332343749999999 0.7890462962962963 0.057942708333333336 0.10319444444444445
5 0.4204375 0.6902685185185186 0.15097395833333332 0.19056481481481483
11 0.82353125 0.7367870370370371 0.10332812499999999 0.07150925925925926
9 0.7789270833333333 0.5971759259259259 0.03708854166666666 0.10839814814814815
9 0.72578125 0.7906388888888889 0.06419791666666667 0.12908333333333333
9 0.5366302083333333 0.6218611111111111 0.086828125 0.05419444444444445
11 0.8201041666666666 0.6606666666666666 0.09208854166666666 0.12544444444444444
9 0.8391614583333333 0.6269629629629629 0.03184375 0.16412037037037036
4 0.86528125 0.7898703703703703 0.09421354166666666 0.08943518518518519
9 0.5634583333333333 0.6521851851851852 0.048859375000000003 0.04993518518518519
11 0.4995260416666667 0.8243425925925926 0.033755208333333335 0.02351851851851852
9 0.6276354166666667 0.3772222222222222 0.10802604166666667 0.11153703703703703