7 0.8212708333333333 0.7522962962962964 0.13045833333333332 0.19002777777777777
0 0.8047395833333333 0.5853796296296296 0.059666666666666666 0.153
7 0.7342864583333333 0.6154074074074074 0.08615624999999999 0.07822222222222222
7 0.8874791666666667 0.6809259259259259 0.06513020833333333 0.22493518518518518
7 0.749078125 0.7123888888888888 0.08817708333333334 0.1418888888888889
3 0.521359375 0.6889166666666666 0.0803125 0.19203703703703703
13 0.44159895833333335 0.6514722222222222 0.036223958333333334 0.06972222222222221
13 0.4875 0.5717407407407408 0.028885416666666667 0.0897037037037037
13 0.19819791666666667 0.6936388888888889 0.06434375 0.14892592592592593
3 0.176828125 0.5885 0.07211458333333334 0.14116666666666666
3 0.4680989583333333 0.634212962962963 0.033859375000000004 0.05646296296296296
12 0.08222916666666666 0.7198888888888889 0.009765625 0.14566666666666667
10 0.3807291666666667 0.6427314814814815 0.05158854166666667 0.1320648148148148
8 0.12207291666666667 0.6397222222222222 0.046515625 0.11439814814814815
8 0.11156770833333333 0.7741666666666667 0.08132291666666666 0.09363888888888888
9 0.18317708333333332 0.7384722222222222 0.08505729166666667 0.07000925925925926
10 0.4673697916666667 0.6766018518518518 0.051171875 0.1162037037037037
0 0.4961041666666667 0.7946944444444445 0.07899479166666666 0.08530555555555555
13 0.8534270833333333 0.6078333333333333 0.06723958333333332 0.10554629629629629
0 0.8310208333333333 0.5403148148148148 0.064140625 0.09266666666666666
0 0.7037656250000001 0.7540925925925925 0.0385 0.1272962962962963
0 0.8007916666666667 0.8137777777777778 0.09066145833333333 0.08351851851851852
10 0.491546875 0.6603518518518519 0.02384375 0.09587037037037037
10 0.4594270833333333 0.5668425925925926 0.095015625 0.14201851851851852