5 0.315703125 0.2839537037037037 0.1139375 0.18667592592592594
6 0.2501770833333333 0.32551851851851854 0.10191666666666667 0.1602962962962963
12 0.439671875 0.7455555555555556 0.05121354166666667 0.13
8 0.4393697916666667 0.7393425925925926 0.073796875 0.16271296296296295
6 0.46313020833333335 0.5878055555555556 0.16165104166666666 0.15658333333333335
10 0.5719010416666667 0.6403425925925926 0.039635416666666666 0.07117592592592593
7 0.5340885416666666 0.7259351851851852 0.03866666666666666 0.22097222222222224
10 0.5639479166666667 0.7414444444444445 0.043973958333333334 0.04145370370370371
5 0.09911979166666667 0.24762962962962962 0.181578125 0.27673148148148147
8 0.5708385416666667 0.5474907407407407 0.05486979166666666 0.11181481481481483
5 0.21152083333333332 0.19418518518518518 0.07408333333333333 0.15689814814814815