10 0.4594270833333333 0.5668425925925926 0.095015625 0.14201851851851852
7 0.8212708333333333 0.7522962962962964 0.13045833333333332 0.19002777777777777
0 0.8047395833333333 0.5853796296296296 0.059666666666666666 0.153
7 0.7342864583333333 0.6154074074074074 0.08615624999999999 0.07822222222222222
7 0.749078125 0.7123888888888888 0.08817708333333334 0.1418888888888889
3 0.521359375 0.6889166666666666 0.0803125 0.19203703703703703
13 0.44159895833333335 0.6514722222222222 0.036223958333333334 0.06972222222222221
13 0.4884479166666667 0.5856296296296296 0.026989583333333334 0.07875925925925926
13 0.19819791666666667 0.6936388888888889 0.06434375 0.14892592592592593
3 0.176828125 0.5885 0.07211458333333334 0.14116666666666666
3 0.4680989583333333 0.634212962962963 0.033859375000000004 0.05646296296296296
12 0.08222916666666666 0.7198888888888889 0.009765625 0.14566666666666667
10 0.3807291666666667 0.6427314814814815 0.05158854166666667 0.1320648148148148
8 0.12207291666666667 0.6397222222222222 0.046515625 0.11439814814814815
8 0.11156770833333333 0.7741666666666667 0.08132291666666666 0.09363888888888888
9 0.18317708333333332 0.7384722222222222 0.08505729166666667 0.07000925925925926
10 0.4673697916666667 0.6766018518518518 0.051171875 0.1162037037037037
0 0.4961041666666667 0.7946944444444445 0.07899479166666666 0.08530555555555555
13 0.8638333333333333 0.6107222222222223 0.04967708333333333 0.08474074074074074
0 0.8754114583333333 0.5628518518518518 0.046906250000000003 0.06839814814814815
0 0.7037656250000001 0.7540925925925925 0.0385 0.1272962962962963
10 0.491546875 0.6603518518518519 0.02384375 0.09587037037037037
10 0.20969270833333334 0.7166296296296296 0.04016666666666667 0.05735185185185185
0 0.7417239583333333 0.7756018518518518 0.08594791666666667 0.16164814814814815
0 0.88490625 0.6781388888888888 0.062052083333333334 0.2026111111111111