0 0.8099479166666667 0.5853796296296296 0.04925 0.153
7 0.7342864583333333 0.6154074074074074 0.08615624999999999 0.07822222222222222
7 0.8874791666666667 0.6809259259259259 0.06513020833333333 0.22493518518518518
7 0.8473697916666667 0.6383796296296297 0.048859375000000003 0.22997222222222222
7 0.8212708333333333 0.7522962962962964 0.13045833333333332 0.19002777777777777
7 0.749078125 0.7123888888888888 0.08817708333333334 0.1418888888888889
3 0.521359375 0.6889166666666666 0.0803125 0.19203703703703703
13 0.44159895833333335 0.6514722222222222 0.036223958333333334 0.06972222222222221
13 0.4875 0.5717407407407408 0.028885416666666667 0.0897037037037037
13 0.19819791666666667 0.6936388888888889 0.06434375 0.14892592592592593
13 0.15414583333333332 0.7603703703703704 0.027651041666666668 0.0427037037037037
3 0.176828125 0.5885 0.07211458333333334 0.14116666666666666
3 0.46611979166666667 0.6364074074074074 0.03286979166666667 0.04855555555555555
12 0.08222916666666666 0.7198888888888889 0.009765625 0.14566666666666667
11 0.46565104166666665 0.7667222222222222 0.05352083333333334 0.020787037037037038
12 0.5234010416666667 0.8192592592592592 0.10980208333333333 0.030398148148148146
10 0.3807291666666667 0.6427314814814815 0.05158854166666667 0.1320648148148148
8 0.12207291666666667 0.6397222222222222 0.046515625 0.11439814814814815
8 0.11156770833333333 0.7741666666666667 0.08132291666666666 0.09363888888888888
10 0.6135989583333333 0.5544722222222223 0.06133854166666666 0.18944444444444444
5 0.5213333333333333 0.21625925925925926 0.10765104166666667 0.2586296296296296
10 0.797171875 0.7684814814814815 0.046197916666666665 0.11694444444444445