6 0.5055104166666667 0.6326018518518519 0.21872395833333333 0.28378703703703706
11 0.17569270833333334 0.6954537037037037 0.11055208333333333 0.03701851851851851
0 0.8107291666666666 0.5853611111111111 0.04917708333333334 0.14589814814814814
7 0.738953125 0.5887037037037036 0.07969791666666667 0.1261111111111111
7 0.751265625 0.7168055555555556 0.08252604166666666 0.14006481481481484
3 0.18063020833333335 0.5892499999999999 0.07211458333333334 0.14116666666666666
12 0.08814583333333334 0.6879722222222222 0.03258333333333333 0.10737037037037037
9 0.18317708333333332 0.7414722222222222 0.08505729166666667 0.047481481481481486
0 0.5009635416666667 0.8048333333333334 0.04645833333333334 0.06352777777777778
13 0.8689687500000001 0.606212962962963 0.04402604166666667 0.08565740740740742
0 0.8723958333333334 0.5607314814814816 0.03853125 0.0855925925925926
10 0.20884895833333333 0.7125 0.042703124999999995 0.0641111111111111
0 0.725953125 0.7559351851851852 0.07205729166666666 0.17216666666666666
7 0.8908958333333333 0.703462962962963 0.05830208333333333 0.1798611111111111
0 0.7812552083333333 0.6673703703703704 0.09489583333333333 0.12189814814814816
9 0.7898020833333333 0.7673518518518518 0.07974479166666668 0.13083333333333336
0 0.7832395833333333 0.8084444444444444 0.06944791666666666 0.09487962962962963
0 0.8303854166666667 0.8250555555555555 0.03880729166666667 0.052620370370370366
11 0.1665 0.7410092592592592 0.021166666666666667 0.1431388888888889
4 0.5332343749999999 0.7890462962962963 0.057942708333333336 0.10319444444444445
5 0.4204375 0.6902685185185186 0.15097395833333332 0.19056481481481483
11 0.82353125 0.7367870370370371 0.10332812499999999 0.07150925925925926
9 0.7789270833333333 0.5971759259259259 0.03708854166666666 0.10839814814814815
9 0.7248072916666667 0.7863055555555556 0.06940624999999999 0.15278703703703703
9 0.5344270833333333 0.6190648148148148 0.08619791666666667 0.06875
11 0.8171770833333334 0.6589351851851851 0.09208854166666666 0.12544444444444444
9 0.8391614583333333 0.6269629629629629 0.03184375 0.16412037037037036
4 0.86528125 0.7898703703703703 0.09421354166666666 0.08943518518518519
9 0.4713541666666667 0.6217592592592592 0.05225520833333333 0.055268518518518515
11 0.5249322916666667 0.060111111111111115 0.05975520833333334 0.11682407407407408