3 0.18364583333333334 0.5967314814814815 0.07571354166666668 0.13687037037037036
10 0.21 0.7149537037037037 0.036994791666666665 0.05544444444444445
12 0.08734375 0.6915648148148148 0.038552083333333334 0.14303703703703702
13 0.13396354166666666 0.7479259259259259 0.024098958333333333 0.02386111111111111
13 0.15302083333333333 0.7660925925925925 0.02109375 0.024685185185185185
0 0.5030572916666667 0.8053148148148148 0.053875 0.06767592592592593
11 0.46114062499999997 0.7679444444444444 0.04755729166666667 0.013333333333333334
13 0.4400052083333333 0.8081574074074074 0.03372395833333333 0.04680555555555555
3 0.5260677083333333 0.6968148148148148 0.06892187500000001 0.1774074074074074
6 0.42743229166666663 0.7239537037037037 0.04525520833333333 0.13666666666666666
0 0.8110104166666667 0.5844074074074074 0.049338541666666666 0.1442314814814815
11 0.8239322916666667 0.6649444444444444 0.10215104166666666 0.1365462962962963
13 0.8640729166666666 0.6004537037037038 0.03748958333333333 0.08323148148148148
0 0.7909375 0.6760833333333333 0.09047916666666667 0.11497222222222223
0 0.7316874999999999 0.7659537037037037 0.07409375 0.164
0 0.7853489583333333 0.8081018518518519 0.065984375 0.09183333333333334
6 0.7070989583333334 0.7818055555555555 0.03984375 0.09023148148148148
7 0.731609375 0.6156296296296296 0.07897916666666666 0.10062962962962964
7 0.8835625 0.7025370370370371 0.04510416666666666 0.16805555555555557
7 0.7511510416666667 0.7117685185185185 0.07388541666666668 0.12855555555555556
7 0.8505885416666668 0.6885833333333333 0.04722395833333334 0.15980555555555556
0 0.38333333333333336 0.7089722222222222 0.05244791666666667 0.15001851851851852
10 0.37373958333333335 0.6354722222222222 0.0445 0.11285185185185184
0 0.47136979166666665 0.6633703703703704 0.03985416666666666 0.07273148148148148
13 0.5456354166666666 0.5705833333333333 0.019453125 0.03265740740740741
4 0.45440625 0.5812685185185185 0.041088541666666666 0.09915740740740742
0 0.8743177083333333 0.5615462962962964 0.04255729166666666 0.07797222222222222
4 0.8593020833333332 0.7906666666666666 0.08694270833333334 0.09022222222222222
11 0.8469322916666666 0.7507314814814815 0.06283333333333334 0.04816666666666667
11 0.38061979166666665 0.6527685185185186 0.04538020833333333 0.118
11 0.43278125 0.6226666666666667 0.013958333333333333 0.14590740740740743
11 0.455859375 0.6636203703703704 0.025197916666666667 0.12191666666666666
9 0.4607604166666667 0.6363518518518518 0.07052604166666666 0.04618518518518519
9 0.49322916666666666 0.6963611111111112 0.015411458333333333 0.16949074074074075
4 0.5369479166666667 0.7881851851851852 0.05660416666666667 0.10614814814814814
9 0.5741458333333332 0.20014814814814816 0.045359375 0.18867592592592594
9 0.48897395833333335 0.7400185185185185 0.034015625 0.15552777777777776
11 0.44940625 0.52775 0.10975 0.07412962962962963
11 0.5291197916666667 0.5504444444444445 0.06676041666666667 0.03568518518518519
2 0.6928697916666666 0.1860925925925926 0.08822395833333332 0.2888611111111111