11 0.47551041666666666 0.7740555555555556 0.12830208333333334 0.07998148148148147
5 0.41705729166666666 0.6286574074074075 0.12395312500000001 0.2583611111111111
13 0.47765104166666666 0.8158333333333333 0.04949479166666667 0.03537037037037037
3 0.16954687499999999 0.5965925925925927 0.04619270833333333 0.12247222222222223
6 0.206828125 0.58375 0.057958333333333334 0.13585185185185186
8 0.12200520833333334 0.6213425925925925 0.051791666666666666 0.10951851851851852
8 0.106625 0.7742500000000001 0.072671875 0.09672222222222222
13 0.14683333333333334 0.6822685185185186 0.04938541666666666 0.07362037037037038
13 0.13639583333333333 0.7326388888888888 0.037296875 0.04318518518518519
4 0.17551041666666667 0.7070648148148148 0.046968750000000004 0.09042592592592592
10 0.5656822916666666 0.6226666666666667 0.068234375 0.1545925925925926
10 0.563828125 0.6648518518518518 0.06445833333333334 0.11638888888888889
11 0.488359375 0.8311944444444445 0.07710416666666667 0.012296296296296296
9 0.4976510416666667 0.5401481481481482 0.048203125 0.09283333333333334
0 0.5493385416666666 0.771324074074074 0.094484375 0.08817592592592594
9 0.561203125 0.760287037037037 0.066859375 0.148
9 0.5660208333333333 0.5794259259259259 0.05584895833333334 0.0417962962962963
9 0.5411614583333333 0.6378333333333334 0.06290625 0.13294444444444445
0 0.496625 0.6331481481481481 0.05369270833333333 0.09796296296296296
10 0.48702083333333335 0.7331111111111112 0.04951041666666667 0.04348148148148148
10 0.5210833333333333 0.7263333333333334 0.071 0.06910185185185184
10 0.5370364583333332 0.5793611111111111 0.038234375 0.10157407407407408
11 0.5234947916666667 0.6820370370370371 0.052421875 0.0732037037037037
11 0.5279739583333334 0.6805833333333333 0.046046875 0.07030555555555557
7 0.8061458333333333 0.5434259259259259 0.10623958333333333 0.06873148148148149
7 0.8818125 0.6292962962962962 0.06692708333333333 0.21757407407407406
7 0.8396666666666667 0.6498333333333334 0.06144270833333333 0.17509259259259258
7 0.861 0.784037037037037 0.079953125 0.13265740740740742
8 0.7972864583333333 0.7241203703703704 0.10013020833333333 0.2115462962962963
7 0.8137343749999999 0.6383240740740741 0.07756249999999999 0.06818518518518518
7 0.7098229166666666 0.7013703703703704 0.054203125 0.10168518518518518
0 0.7348385416666667 0.5857407407407408 0.04191666666666667 0.1210925925925926
0 0.7248333333333333 0.6638796296296297 0.038473958333333336 0.07074074074074074
0 0.7038645833333333 0.6104814814814815 0.048640625 0.11058333333333334
0 0.7421145833333332 0.7183796296296296 0.0444375 0.08601851851851852
0 0.7112916666666667 0.7844537037037037 0.03934895833333333 0.07250925925925926
0 0.75871875 0.8094444444444445 0.07636979166666666 0.0931388888888889
9 0.7581145833333333 0.7559351851851852 0.03603125 0.09
9 0.7517604166666667 0.6208888888888888 0.08051562500000001 0.07057407407407407
13 0.769 0.5792314814814815 0.03276041666666667 0.07196296296296296
11 0.7540260416666666 0.5824907407407408 0.011072916666666667 0.12476851851851851
11 0.48028645833333333 0.7700277777777778 0.03366145833333333 0.13758333333333334
9 0.457171875 0.771074074074074 0.09079166666666666 0.040740740740740744
10 0.45846354166666664 0.7725833333333333 0.04821875 0.06413888888888888
9 0.4771197916666667 0.6683703703703704 0.023140625 0.0632037037037037
11 0.5073958333333334 0.7454444444444445 0.050979166666666666 0.1248611111111111