13 0.47765104166666666 0.8158333333333333 0.04949479166666667 0.03537037037037037
3 0.16954687499999999 0.5965925925925927 0.04619270833333333 0.12247222222222223
6 0.206828125 0.58375 0.057958333333333334 0.13585185185185186
8 0.12200520833333334 0.6213425925925925 0.051791666666666666 0.10951851851851852
8 0.106625 0.7742500000000001 0.072671875 0.09672222222222222
13 0.14683333333333334 0.6822685185185186 0.04938541666666666 0.07362037037037038
13 0.13639583333333333 0.7326388888888888 0.037296875 0.04318518518518519
4 0.17551041666666667 0.7070648148148148 0.046968750000000004 0.09042592592592592
5 0.6318333333333332 0.1293888888888889 0.179046875 0.25878703703703704
10 0.3821614583333333 0.5557129629629629 0.06710416666666667 0.15450000000000003
6 0.44561458333333337 0.6867407407407407 0.177453125 0.2126388888888889
10 0.5656822916666666 0.6226666666666667 0.068234375 0.1545925925925926
10 0.563828125 0.6648518518518518 0.06445833333333334 0.11638888888888889
4 0.38128124999999996 0.7483611111111111 0.044182291666666665 0.13514814814814816
11 0.4448802083333333 0.7955092592592592 0.10549479166666667 0.06685185185185186
9 0.45580208333333333 0.7692129629629629 0.09603125 0.03992592592592592
11 0.4770520833333334 0.7446944444444444 0.045536458333333335 0.19140740740740741
9 0.473609375 0.6925277777777777 0.05241666666666667 0.08653703703703704
11 0.43752604166666664 0.5798981481481481 0.11194791666666666 0.09286111111111112
9 0.47476562499999997 0.5584166666666667 0.047093750000000004 0.11592592592592593
11 0.4057864583333333 0.6545648148148148 0.10180208333333333 0.07349074074074075
9 0.4120260416666667 0.6449351851851851 0.07556770833333333 0.06523148148148149
11 0.488359375 0.8311944444444445 0.07710416666666667 0.012296296296296296
11 0.46634375 0.6558240740740741 0.028244791666666665 0.21496296296296297
11 0.4659947916666667 0.6069166666666667 0.01922916666666667 0.1477314814814815
9 0.46556770833333333 0.6084907407407407 0.017755208333333335 0.16716666666666666
9 0.4976510416666667 0.5401481481481482 0.048203125 0.09283333333333334
0 0.5493385416666666 0.770824074074074 0.094484375 0.08716666666666667
9 0.561203125 0.760287037037037 0.066859375 0.148
9 0.5660208333333333 0.5794259259259259 0.05584895833333334 0.0417962962962963
9 0.5411614583333333 0.6378333333333334 0.06290625 0.13294444444444445
0 0.49300520833333333 0.6334722222222222 0.060932291666666666 0.09732407407407408
11 0.4674114583333333 0.5738425925925926 0.10721354166666666 0.015833333333333335
11 0.5168229166666667 0.7603518518518518 0.07099479166666667 0.10046296296296296
10 0.46203645833333334 0.7691388888888888 0.05259895833333333 0.07524074074074075
10 0.49279166666666663 0.7278611111111112 0.05018229166666666 0.07215740740740742
10 0.5210833333333333 0.7263333333333334 0.071 0.06910185185185184
10 0.5370364583333332 0.5793611111111111 0.038234375 0.10157407407407408
11 0.5234947916666667 0.6820370370370371 0.052421875 0.0732037037037037
11 0.52671875 0.6847870370370371 0.048552083333333336 0.07871296296296297
7 0.8061458333333333 0.5434259259259259 0.10623958333333333 0.06873148148148149
7 0.8818125 0.6292962962962962 0.06692708333333333 0.21757407407407406
7 0.8396666666666667 0.6498333333333334 0.06144270833333333 0.17509259259259258
7 0.861 0.784037037037037 0.079953125 0.13265740740740742
8 0.7972864583333333 0.7241203703703704 0.10013020833333333 0.2115462962962963
7 0.8137343749999999 0.6383240740740741 0.07756249999999999 0.06818518518518518
7 0.7098229166666666 0.7013703703703704 0.054203125 0.10168518518518518
0 0.7348385416666667 0.5857407407407408 0.04191666666666667 0.1210925925925926
0 0.7248333333333333 0.6638796296296297 0.038473958333333336 0.07074074074074074
0 0.7038645833333333 0.6104814814814815 0.048640625 0.11058333333333334
0 0.7421145833333332 0.7183796296296296 0.0444375 0.08601851851851852
0 0.7112916666666667 0.7844537037037037 0.03934895833333333 0.07250925925925926
0 0.75871875 0.8094444444444445 0.07636979166666666 0.0931388888888889
9 0.7581145833333333 0.7559351851851852 0.03603125 0.09
9 0.7517604166666667 0.6208888888888888 0.08051562500000001 0.07057407407407407
13 0.769 0.5792314814814815 0.03276041666666667 0.07196296296296296
11 0.7540260416666666 0.5824907407407408 0.011072916666666667 0.12476851851851851