12 0.54965625 0.5812777777777778 0.06044270833333333 0.1870925925925926
11 0.48640625 0.6196018518518518 0.120625 0.06638888888888889
11 0.5297447916666667 0.6133333333333333 0.03590104166666667 0.14878703703703702
11 0.517640625 0.678212962962963 0.10334895833333334 0.09888888888888889
11 0.4863385416666667 0.5632685185185186 0.04716666666666667 0.11463888888888889
10 0.3834947916666666 0.553861111111111 0.06554687499999999 0.15223148148148147
10 0.5651041666666666 0.6270277777777779 0.06453645833333334 0.1594722222222222
6 0.433375 0.7110925925925926 0.06626041666666667 0.13799999999999998
4 0.37961458333333337 0.7356481481481482 0.04628125 0.1124351851851852
4 0.4749583333333333 0.7188703703703704 0.04761979166666667 0.12412962962962963
4 0.16936979166666666 0.7031296296296297 0.039046875 0.08681481481481482
8 0.107703125 0.7762314814814815 0.07079166666666666 0.08898148148148148
0 0.543484375 0.7674074074074073 0.09736979166666666 0.09353703703703703
0 0.7008229166666666 0.6069814814814815 0.039749999999999994 0.11126851851851852
0 0.7361614583333334 0.5803796296296296 0.03463020833333333 0.10986111111111112
0 0.7452187499999999 0.7216574074074074 0.03667708333333333 0.0892037037037037
0 0.7616875000000001 0.8138055555555556 0.076203125 0.08827777777777777
0 0.7121354166666667 0.7871481481481482 0.03897916666666667 0.06495370370370371
3 0.17183854166666668 0.5947222222222222 0.050755208333333336 0.12188888888888888
13 0.478515625 0.8148703703703704 0.045359375 0.038592592592592595
13 0.7666406250000001 0.5831388888888889 0.03572395833333333 0.07112037037037038
9 0.7511354166666667 0.6192314814814814 0.07877604166666667 0.06534259259259259
9 0.41096354166666665 0.6451481481481481 0.072609375 0.06217592592592593
9 0.46744270833333335 0.6177037037037038 0.020489583333333335 0.16332407407407407
10 0.43620312499999997 0.8118703703703705 0.03484895833333333 0.05595370370370371
10 0.5085052083333333 0.6994351851851852 0.09019270833333333 0.06231481481481481
7 0.71065625 0.7053055555555555 0.047281250000000004 0.09263888888888888
7 0.8815364583333333 0.6327592592592592 0.06790625 0.21913888888888888
7 0.8690208333333334 0.7943703703703703 0.05773958333333333 0.10389814814814814
7 0.8096979166666666 0.5423611111111111 0.09935416666666666 0.06174074074074075
7 0.8444947916666667 0.662787037037037 0.05059895833333334 0.1459814814814815
8 0.79515625 0.7390185185185185 0.08750520833333333 0.21447222222222223
13 0.13770833333333332 0.7359722222222222 0.034151041666666666 0.03126851851851852
13 0.14452083333333335 0.6828981481481481 0.048734374999999996 0.0682037037037037
5 0.5976041666666667 0.08333333333333333 0.143125 0.16666666666666666