3 0.7671510416666667 0.8682037037037037 0.05579166666666667 0.09706481481481481
14 0.8824270833333333 0.8231481481481482 0.07880208333333334 0.18862037037037038
7 0.5848333333333334 0.8098148148148149 0.05932291666666667 0.14662962962962964
2 0.08759895833333334 0.4943148148148148 0.14899479166666665 0.21077777777777776
14 0.8541666666666666 0.686425925925926 0.06572395833333333 0.09156481481481482
3 0.23318229166666665 0.5328425925925926 0.0876875 0.16467592592592592
14 0.7884583333333333 0.7448796296296296 0.06461458333333334 0.11118518518518518
7 0.41518229166666665 0.6895740740740741 0.07780729166666665 0.22044444444444444
14 0.7685104166666666 0.8357592592592593 0.109984375 0.10693518518518517
7 0.438453125 0.7545925925925926 0.11159895833333335 0.1836574074074074
7 0.569984375 0.6072314814814814 0.0670625 0.14017592592592593
14 0.8817291666666667 0.6912407407407407 0.07216145833333334 0.09935185185185184
14 0.7913854166666667 0.6614814814814814 0.10303124999999999 0.09919444444444445
12 0.8455520833333333 0.6762777777777778 0.05971354166666667 0.034527777777777775
7 0.5055885416666667 0.5762129629629629 0.079234375 0.09173148148148147
7 0.4949427083333333 0.7444259259259259 0.07755208333333334 0.22286111111111112
14 0.8451354166666667 0.8325370370370371 0.06644270833333334 0.14110185185185184
11 0.18616666666666667 0.4600092592592593 0.08716666666666667 0.07664814814814815
14 0.7332968750000001 0.7462592592592593 0.07651041666666666 0.1807314814814815
9 0.23017708333333334 0.5294351851851852 0.07166666666666667 0.05761111111111111
0 0.3843020833333333 0.7450925925925926 0.03986979166666667 0.1254537037037037
14 0.7272916666666667 0.6652777777777777 0.06115625 0.17451851851851852
13 0.13870833333333332 0.7756018518518518 0.051046875000000005 0.08103703703703703
3 0.06838541666666667 0.7376666666666666 0.04663541666666667 0.09841666666666667
14 0.8590364583333333 0.6159166666666667 0.08383854166666667 0.0989074074074074
7 0.5555677083333334 0.7611203703703704 0.053609375 0.20057407407407407
7 0.5295052083333334 0.7350925925925925 0.08257291666666666 0.23737962962962963
3 0.10916666666666666 0.7433240740740741 0.062338541666666664 0.09589814814814814
3 0.09902083333333334 0.641361111111111 0.09249479166666667 0.12797222222222224
3 0.216953125 0.6689259259259259 0.09664583333333333 0.1331111111111111
8 0.18592708333333335 0.7810277777777778 0.06667187499999999 0.08564814814814815
11 0.23624479166666665 0.4761296296296297 0.017151041666666665 0.23275925925925925