12 0.04692708333333333 0.6758888888888889 0.050328124999999994 0.05462962962962963
3 0.06913541666666667 0.7363981481481481 0.05791145833333333 0.09875
3 0.23163541666666668 0.5350462962962963 0.09218229166666667 0.14427777777777778
2 0.19677083333333334 0.6450092592592592 0.143 0.18068518518518517
8 0.19558854166666664 0.7826203703703704 0.09572916666666667 0.0945462962962963
13 0.13708854166666665 0.7647685185185186 0.04727083333333334 0.07143518518518518
7 0.5282708333333334 0.7311481481481481 0.08745312499999999 0.22690740740740742
7 0.490453125 0.7448055555555555 0.08036458333333334 0.23321296296296296
7 0.43963541666666667 0.7521574074074074 0.113453125 0.1890925925925926
7 0.41540625000000003 0.6807222222222222 0.07681770833333333 0.23951851851851852
7 0.5052239583333333 0.5767222222222222 0.08627083333333332 0.08613888888888889
7 0.572 0.6061388888888889 0.061453125 0.14076851851851852
7 0.5566354166666667 0.7742222222222221 0.052000000000000005 0.1953888888888889
7 0.5850000000000001 0.8004814814814815 0.061453125 0.14287037037037037
0 0.3846822916666667 0.7458611111111111 0.039 0.13025925925925927
14 0.7252500000000001 0.7742500000000001 0.06305208333333333 0.11548148148148148
14 0.8416145833333334 0.8277037037037037 0.06828125 0.1530462962962963
14 0.7713541666666667 0.8408981481481481 0.10390104166666667 0.11962962962962961
14 0.852 0.6808148148148148 0.06333333333333332 0.09851851851851852
14 0.8841614583333333 0.6931203703703704 0.06432291666666666 0.095
14 0.8866354166666667 0.8268240740740741 0.07916145833333334 0.18999074074074074
14 0.856453125 0.7661296296296296 0.05838541666666666 0.10379629629629629
3 0.7669010416666667 0.8699259259259259 0.06135416666666667 0.10379629629629629
12 0.8485364583333334 0.6720185185185185 0.06234375 0.03166666666666667
3 0.09872916666666667 0.642462962962963 0.10025520833333333 0.14015740740740742
11 0.19021875000000002 0.4674351851851852 0.08180208333333333 0.06925
2 0.0850625 0.49761111111111106 0.12116666666666666 0.1557037037037037
3 0.13259895833333332 0.5474907407407407 0.05969791666666667 0.09286111111111112
1 0.6940572916666666 0.6218981481481481 0.15733333333333333 0.2678055555555556
3 0.25653125 0.4172592592592593 0.129296875 0.25181481481481477
9 0.2783541666666667 0.39749074074074076 0.08894270833333334 0.06295370370370369
14 0.8538802083333333 0.6129629629629629 0.09304166666666666 0.08688888888888889
14 0.7929322916666667 0.7490648148148148 0.06301041666666667 0.11411111111111111