3 0.7667395833333334 0.8684444444444444 0.055374999999999994 0.09713888888888889
3 0.899609375 0.13275925925925924 0.15284895833333334 0.2655185185185185
7 0.583703125 0.8075833333333334 0.05771875 0.14544444444444446
14 0.7880833333333332 0.7445185185185186 0.06524479166666666 0.11093518518518519
14 0.8819479166666666 0.82325 0.07875520833333334 0.18794444444444444
14 0.7922604166666667 0.6613796296296296 0.10136458333333334 0.09998148148148149
2 0.08805729166666666 0.49512962962962964 0.14324479166666665 0.20846296296296296
3 0.23200520833333332 0.5331666666666667 0.08744270833333333 0.16396296296296298
14 0.8536874999999999 0.6848703703703704 0.06543229166666667 0.09285185185185185
7 0.4941510416666667 0.7433611111111111 0.080625 0.22544444444444445
14 0.72853125 0.6666018518518518 0.06326041666666667 0.1704166666666667
7 0.5064947916666667 0.5759537037037037 0.08176562500000001 0.0925
14 0.7676145833333333 0.8354722222222222 0.11203645833333334 0.10730555555555556
14 0.8814270833333333 0.6912222222222222 0.07237500000000001 0.09811111111111111
14 0.7336562499999999 0.7453703703703703 0.07676041666666666 0.17871296296296296
12 0.8447135416666666 0.6756481481481482 0.06031770833333334 0.03428703703703704
11 0.18681770833333333 0.4592037037037037 0.08668229166666667 0.07996296296296296
14 0.8541979166666667 0.6147407407407407 0.08310416666666667 0.09778703703703703
14 0.8450052083333334 0.8313148148148148 0.067328125 0.14129629629629628
7 0.5723072916666666 0.6106666666666667 0.06286458333333333 0.13832407407407407
9 0.22794791666666667 0.5311851851851851 0.06726041666666666 0.055842592592592596
7 0.415625 0.6859814814814815 0.078171875 0.21784259259259262
3 0.06941666666666667 0.7411203703703704 0.04730208333333333 0.09982407407407408
0 0.3883854166666667 0.7406574074074074 0.039651041666666664 0.12322222222222223
7 0.4386875 0.7511944444444444 0.115 0.18846296296296294
7 0.5558854166666667 0.7595555555555557 0.05430729166666667 0.19894444444444445
3 0.10658854166666668 0.741361111111111 0.06371875 0.09483333333333334
7 0.533046875 0.7347592592592592 0.07603125 0.23503703703703704
13 0.13964062500000002 0.775425925925926 0.05330208333333333 0.08202777777777778
8 0.18534895833333334 0.78 0.06834895833333333 0.08557407407407408
3 0.21602083333333333 0.6606203703703704 0.09714583333333333 0.14999074074074076
11 0.23591145833333332 0.4771666666666667 0.018541666666666668 0.22661111111111112
3 0.09974479166666667 0.632425925925926 0.09402083333333335 0.13361111111111112