3 0.23303125 0.5264074074074074 0.09174479166666667 0.1610740740740741
11 0.2523020833333333 0.4756666666666667 0.013453125 0.2328148148148148
9 0.231078125 0.5293981481481481 0.06700520833333333 0.04490740740740741
2 0.08980729166666666 0.5032037037037037 0.16346354166666668 0.21844444444444444
3 0.09788020833333334 0.6377222222222222 0.09315625000000001 0.13200925925925924
3 0.06780729166666667 0.7365185185185186 0.04082291666666667 0.08900925925925926
13 0.14215104166666667 0.7693703703703704 0.04419791666666666 0.07329629629629629
8 0.19969791666666667 0.7772407407407407 0.08116145833333334 0.08533333333333333
2 0.20164583333333336 0.6411851851851852 0.15016666666666667 0.17225925925925925
12 0.03838020833333333 0.6821111111111111 0.037187500000000005 0.03460185185185185
12 0.24644270833333334 0.7471574074074073 0.031072916666666665 0.06216666666666667
12 0.72309375 0.9267222222222222 0.059536458333333334 0.01785185185185185
7 0.44407291666666665 0.7462500000000001 0.11940104166666667 0.1936111111111111
7 0.4154375 0.6775277777777778 0.07328645833333333 0.23383333333333334
7 0.4932916666666667 0.7418611111111112 0.07720833333333334 0.2255462962962963
7 0.5294947916666667 0.7302222222222222 0.07434895833333334 0.22339814814814815
7 0.570375 0.6053148148148149 0.06029166666666667 0.13751851851851854
7 0.5582604166666666 0.7525000000000001 0.0535 0.21351851851851852
7 0.5833958333333332 0.8012777777777778 0.055088541666666664 0.1294074074074074
7 0.5085260416666667 0.5823703703703704 0.084234375 0.08973148148148148
0 0.3858802083333333 0.7392592592592593 0.031656250000000004 0.11648148148148148
14 0.8439218749999999 0.8302407407407407 0.067890625 0.15062037037037035
14 0.8867552083333333 0.817925925925926 0.06815625 0.18123148148148147
14 0.7676145833333333 0.8283611111111111 0.10763020833333334 0.0863425925925926
3 0.7652812499999999 0.8686481481481482 0.05850520833333333 0.10158333333333333
11 0.18928645833333332 0.46552777777777776 0.08028125 0.06987037037037036
11 0.12600520833333334 0.5978981481481481 0.10565104166666667 0.09678703703703703
12 0.849125 0.6728703703703705 0.05747395833333333 0.020935185185185185