7 0.4155625 0.6843981481481481 0.07019270833333334 0.2521203703703704
7 0.44201041666666663 0.7507499999999999 0.11413020833333333 0.18577777777777776
7 0.49248958333333337 0.7436296296296296 0.07419270833333333 0.22732407407407407
7 0.5291770833333334 0.7330185185185185 0.07768229166666667 0.22933333333333333
7 0.5710312500000001 0.6047314814814815 0.05813541666666667 0.1365925925925926
7 0.5846874999999999 0.8030740740740742 0.05791145833333333 0.1448611111111111
7 0.56121875 0.7561388888888889 0.05728125 0.20382407407407407
7 0.49991145833333334 0.5791851851851851 0.07205729166666666 0.07487962962962963
0 0.3856145833333333 0.7424444444444445 0.03717708333333333 0.12073148148148147
8 0.09019270833333333 0.6568703703703703 0.055625 0.11191666666666666
2 0.09448958333333332 0.49789814814814815 0.14613541666666666 0.2005462962962963
2 0.20144791666666664 0.6407314814814815 0.14927604166666666 0.16914814814814816
13 0.14151041666666667 0.7692222222222223 0.04825 0.08056481481481483
11 0.19121354166666665 0.4641018518518519 0.07078645833333333 0.05862037037037037
11 0.2389166666666667 0.47400925925925924 0.010875 0.22559259259259257
12 0.049109375000000004 0.6825185185185185 0.05863541666666667 0.037981481481481484
12 0.22519270833333332 0.7724629629629629 0.038968749999999996 0.09425
12 0.8486666666666667 0.6728240740740741 0.05971875 0.020796296296296295
12 0.7221458333333334 0.9281203703703704 0.05304166666666667 0.015805555555555555
14 0.7372708333333333 0.739574074074074 0.073796875 0.17566666666666667
14 0.842765625 0.8269814814814814 0.06508333333333333 0.14558333333333331
14 0.8867552083333333 0.8236851851851852 0.07012499999999999 0.17981481481481482
14 0.8819322916666666 0.6902129629629629 0.06616145833333334 0.08560185185185186
14 0.8623958333333334 0.6184722222222223 0.06647916666666667 0.08990740740740741
14 0.793078125 0.6608425925925926 0.10220312499999999 0.10008333333333333
14 0.7291666666666666 0.6582314814814815 0.060812500000000005 0.17514814814814814
14 0.7908229166666667 0.7407685185185185 0.061640625 0.11196296296296296
3 0.23472395833333334 0.5284907407407408 0.08836979166666666 0.1615462962962963
8 0.20125520833333335 0.7788333333333333 0.08688541666666666 0.08914814814814814
3 0.7658020833333333 0.8663333333333333 0.05693229166666667 0.0969537037037037