11 0.19270833333333334 0.46412037037037035 0.078125 0.07175925925925926
11 0.24088541666666666 0.4756944444444444 0.018229166666666668 0.2337962962962963
2 0.09244791666666667 0.4988425925925926 0.15104166666666666 0.21064814814814814
7 0.4147135416666667 0.6886574074074074 0.07682291666666667 0.22453703703703703
7 0.4947916666666667 0.7418981481481481 0.078125 0.2199074074074074
7 0.5286458333333334 0.7337962962962963 0.08333333333333333 0.2361111111111111
7 0.5553385416666666 0.7615740740740741 0.053385416666666664 0.2037037037037037
7 0.5852864583333334 0.8078703703703703 0.05859375 0.14351851851851852
7 0.572265625 0.6053240740740741 0.06640625 0.1412037037037037
7 0.5045572916666666 0.5763888888888888 0.08203125 0.08796296296296297
2 0.201171875 0.6446759259259259 0.14713541666666666 0.16898148148148148
3 0.234375 0.5254629629629629 0.0859375 0.16666666666666666
8 0.20052083333333334 0.7824074074074074 0.08854166666666667 0.08333333333333333
3 0.10872395833333333 0.7407407407407407 0.061197916666666664 0.10648148148148148
8 0.08984375 0.6516203703703703 0.0546875 0.10416666666666667
3 0.0671875 0.7694444444444445 0.049479166666666664 0.09722222222222222
12 0.047526041666666664 0.6840277777777778 0.061197916666666664 0.04861111111111111
12 0.24869791666666666 0.7442129629629629 0.03125 0.06712962962962964
3 0.7669270833333334 0.8657407407407407 0.057291666666666664 0.09722222222222222
14 0.884765625 0.8229166666666666 0.07682291666666667 0.1875
14 0.7356770833333334 0.7407407407407407 0.078125 0.18055555555555555
14 0.7897135416666666 0.7395833333333334 0.06640625 0.11342592592592593
14 0.7669270833333334 0.8356481481481481 0.11197916666666667 0.10648148148148148
14 0.7291666666666666 0.6620370370370371 0.059895833333333336 0.1712962962962963
14 0.8541666666666666 0.6168981481481481 0.08333333333333333 0.09953703703703703
14 0.880859375 0.6898148148148148 0.07161458333333333 0.09722222222222222
14 0.8509114583333334 0.6805555555555556 0.06640625 0.09722222222222222
14 0.79296875 0.6620370370370371 0.10416666666666667 0.10185185185185185
12 0.8444010416666666 0.6747685185185185 0.061197916666666664 0.034722222222222224
13 0.13932291666666666 0.7719907407407407 0.049479166666666664 0.08564814814814815
0 0.38671875 0.7418981481481481 0.0390625 0.12268518518518519
14 0.840625 0.8268518518518518 0.06875 0.1425925925925926
7 0.43645833333333334 0.75 0.11041666666666666 0.1814814814814815
9 0.23020833333333332 0.5296296296296297 0.06666666666666667 0.05555555555555555
3 0.20442708333333334 0.3854166666666667 0.11458333333333333 0.21064814814814814
8 0.5755208333333334 0.41087962962962965 0.11458333333333333 0.19212962962962962
12 0.576171875 0.4386574074074074 0.055989583333333336 0.05787037037037037