2 0.08980729166666666 0.5032037037037037 0.16346354166666668 0.21844444444444444
3 0.09788020833333334 0.6377222222222222 0.09315625000000001 0.13200925925925924
3 0.06780729166666667 0.7365185185185186 0.04082291666666667 0.08900925925925926
13 0.137984375 0.7749259259259259 0.04419791666666666 0.07329629629629629
12 0.04463020833333333 0.6821111111111111 0.0496875 0.03460185185185185
12 0.72309375 0.9267222222222222 0.059536458333333334 0.01785185185185185
7 0.44407291666666665 0.7462500000000001 0.11940104166666667 0.1936111111111111
7 0.4154375 0.6775277777777778 0.07328645833333333 0.23383333333333334
7 0.4932916666666667 0.7418611111111112 0.07720833333333334 0.2255462962962963
7 0.5294947916666667 0.7302222222222222 0.07434895833333334 0.22339814814814815
7 0.570375 0.6053148148148149 0.06029166666666667 0.13751851851851854
7 0.5582604166666666 0.7525000000000001 0.0535 0.21351851851851852
7 0.5833958333333332 0.8012777777777778 0.055088541666666664 0.1294074074074074
0 0.3858802083333333 0.7392592592592593 0.031656250000000004 0.11648148148148148
14 0.8439218749999999 0.8302407407407407 0.067890625 0.15062037037037035
14 0.8867552083333333 0.817925925925926 0.06815625 0.18123148148148147
14 0.7676145833333333 0.8283611111111111 0.10763020833333334 0.0863425925925926
3 0.7652812499999999 0.8686481481481482 0.05850520833333333 0.10158333333333333
11 0.12183854166666667 0.6034537037037038 0.09731770833333334 0.0856851851851852
12 0.849125 0.6728703703703705 0.05747395833333333 0.020935185185185185
14 0.7922291666666667 0.7453148148148149 0.06449479166666666 0.10289814814814814
14 0.802515625 0.6663981481481481 0.08298437500000001 0.10794444444444444
14 0.8838906249999999 0.6939351851851853 0.05826041666666667 0.08527777777777777
14 0.8548072916666667 0.6175648148148148 0.081953125 0.0917037037037037
14 0.8539427083333333 0.6839814814814815 0.060859375 0.09128703703703704
3 0.21975520833333334 0.6663981481481481 0.10476041666666666 0.1338611111111111
9 0.20608333333333334 0.761287037037037 0.021177083333333332 0.11262962962962964
9 0.19253645833333335 0.7066666666666667 0.0538125 0.03302777777777778
3 0.23055729166666666 0.5331111111111111 0.08888020833333334 0.1633888888888889
11 0.23433333333333334 0.4710370370370371 0.011020833333333334 0.22355555555555556
11 0.19995833333333335 0.4636574074074074 0.06605729166666667 0.09767592592592592
12 0.24032291666666666 0.7531759259259259 0.0355 0.05939814814814815
14 0.7375416666666667 0.7358333333333333 0.076125 0.17277777777777778
11 0.12288020833333334 0.6108518518518519 0.09940104166666666 0.07087962962962963
9 0.23094791666666667 0.5405 0.06466145833333334 0.04491666666666667
3 0.10699479166666667 0.7453055555555556 0.06243229166666667 0.08067592592592591
14 0.7324635416666666 0.6636296296296297 0.06336979166666666 0.16902777777777778
7 0.5077447916666666 0.5867685185185185 0.08788020833333333 0.08463888888888889
8 0.8333802083333333 0.6697962962962963 0.04072395833333333 0.09884259259259259