7 0.5839635416666666 0.8100833333333333 0.057192708333333335 0.14722222222222223
3 0.7669635416666666 0.8682777777777778 0.055109375 0.09666666666666668
14 0.8824270833333333 0.8231111111111111 0.07898437500000001 0.18863888888888888
2 0.08810416666666666 0.49497222222222226 0.14761458333333335 0.2094074074074074
7 0.49491666666666667 0.7417222222222222 0.07713541666666666 0.2225925925925926
7 0.4153958333333333 0.6892407407407407 0.07721354166666666 0.22083333333333333
14 0.8537864583333333 0.6850555555555555 0.06485416666666667 0.09412962962962963
3 0.232984375 0.5323796296296297 0.08659375 0.16423148148148148
14 0.7684218749999999 0.8365277777777779 0.11138020833333333 0.10614814814814814
14 0.7886041666666667 0.7449166666666667 0.06516145833333334 0.11153703703703703
7 0.43810416666666663 0.7528518518518519 0.11184895833333333 0.1852962962962963
14 0.8817395833333334 0.6920833333333334 0.07131770833333334 0.09958333333333333
7 0.50525 0.5776018518518518 0.08006770833333333 0.0915925925925926
7 0.5700260416666667 0.6086203703703703 0.06765104166666666 0.13716666666666666
14 0.7272447916666667 0.6664074074074074 0.061864583333333334 0.1734074074074074
11 0.18611979166666667 0.4606851851851852 0.08599479166666667 0.07537962962962963
13 0.13677604166666668 0.7753703703703704 0.04803125 0.07951851851851852
14 0.8449479166666667 0.832462962962963 0.06676041666666667 0.14075925925925928
14 0.7331770833333333 0.746 0.076921875 0.18150000000000002
9 0.22988541666666668 0.5307314814814815 0.07005208333333333 0.05756481481481482
0 0.38442708333333336 0.7455185185185185 0.040442708333333334 0.1255925925925926
7 0.5295520833333334 0.7338518518518518 0.08246875000000001 0.2368148148148148
7 0.555875 0.7637129629629629 0.055578125 0.20585185185185184
8 0.186328125 0.7808981481481482 0.06693229166666666 0.08725925925925926
3 0.09889583333333334 0.6423333333333333 0.09330729166666667 0.1285462962962963
3 0.06344791666666666 0.7383240740740741 0.04575 0.09780555555555555
3 0.10820833333333332 0.7437314814814815 0.061307291666666666 0.093
3 0.22047916666666667 0.6698055555555555 0.09652604166666667 0.13350925925925924
11 0.23598958333333334 0.47662037037037036 0.017343749999999998 0.23401851851851851
14 0.7630833333333332 0.6353333333333333 0.085109375 0.1689351851851852
14 0.85728125 0.6140277777777777 0.08345833333333334 0.10576851851851853
14 0.81059375 0.6603055555555556 0.064453125 0.1042962962962963
12 0.8474114583333333 0.6701851851851851 0.06204166666666667 0.03793518518518518