12 0.05141145833333333 0.6807222222222222 0.07208854166666666 0.05462962962962963
3 0.06913541666666667 0.7363981481481481 0.05791145833333333 0.09875
3 0.1105 0.7406018518518519 0.05791145833333333 0.09875
3 0.23163541666666668 0.5231481481481481 0.09218229166666667 0.16808333333333333
11 0.23931770833333335 0.47587962962962965 0.017729166666666667 0.23321296296296296
9 0.22986458333333332 0.5315555555555556 0.06736458333333334 0.05462962962962963
2 0.19677083333333334 0.6450092592592592 0.143 0.18068518518518517
8 0.19558854166666664 0.7826203703703704 0.09572916666666667 0.0945462962962963
13 0.13708854166666665 0.7647685185185186 0.04727083333333334 0.07143518518518518
7 0.5282708333333334 0.7311481481481481 0.08745312499999999 0.22690740740740742
7 0.490453125 0.7448055555555555 0.08036458333333334 0.23321296296296296
7 0.43963541666666667 0.7521574074074074 0.113453125 0.1890925925925926
7 0.41540625000000003 0.6807222222222222 0.07681770833333333 0.23951851851851852
7 0.5052239583333333 0.5767222222222222 0.08627083333333332 0.08613888888888889
7 0.572 0.6061388888888889 0.061453125 0.14076851851851852
7 0.5566354166666667 0.7742222222222221 0.052000000000000005 0.1953888888888889
7 0.5850000000000001 0.8004814814814815 0.061453125 0.14287037037037037
0 0.3846822916666667 0.7458611111111111 0.039 0.13025925925925927
14 0.73390625 0.7427037037037038 0.08036458333333334 0.17858333333333334
14 0.7285885416666668 0.6681203703703704 0.074453125 0.18068518518518517
14 0.7906354166666667 0.6639166666666666 0.10400000000000001 0.1050462962962963
14 0.8416145833333334 0.8277037037037037 0.06828125 0.1530462962962963
14 0.7926302083333333 0.7441388888888889 0.06333333333333332 0.11259259259259259
14 0.7713541666666667 0.8408981481481481 0.10390104166666667 0.11962962962962961
14 0.8544739583333333 0.6166018518518518 0.090046875 0.09675925925925925
14 0.852 0.6808148148148148 0.06333333333333332 0.09851851851851852
14 0.8841614583333333 0.6931203703703704 0.06432291666666666 0.095
14 0.8866354166666667 0.8268240740740741 0.07916145833333334 0.18999074074074074
14 0.856453125 0.7661296296296296 0.05838541666666666 0.10379629629629629
3 0.7669010416666667 0.8699259259259259 0.06135416666666667 0.10379629629629629
12 0.8485364583333334 0.6720185185185185 0.06234375 0.03166666666666667
3 0.09682291666666668 0.5406296296296296 0.09729166666666668 0.24280555555555558
8 0.4915364583333333 0.38516666666666666 0.10286458333333333 0.17773148148148146
12 0.49326041666666665 0.39844444444444443 0.0546875 0.06481481481481481
3 0.14364583333333333 0.5605 0.033177083333333336 0.11135185185185185
8 0.08922916666666666 0.6751018518518519 0.055546875 0.07848148148148149