3 0.18364583333333334 0.5967314814814815 0.07571354166666668 0.13687037037037036
10 0.21 0.7149537037037037 0.036994791666666665 0.05544444444444445
12 0.08734375 0.6915648148148148 0.038552083333333334 0.14303703703703702
13 0.13396354166666666 0.7479259259259259 0.024098958333333333 0.02386111111111111
13 0.15302083333333333 0.7660925925925925 0.02109375 0.024685185185185185
10 0.46070833333333333 0.677962962962963 0.07115625 0.09618518518518518
10 0.489203125 0.6588703703703704 0.019359375 0.0967962962962963
10 0.4440625 0.5698148148148148 0.09061458333333333 0.15348148148148147
0 0.49819791666666663 0.7947129629629629 0.069859375 0.07589814814814815
11 0.46114062499999997 0.7679444444444444 0.04755729166666667 0.013333333333333334
11 0.4942447916666667 0.5796111111111111 0.011203125000000001 0.06350925925925927
13 0.4400052083333333 0.8081574074074074 0.03372395833333333 0.04680555555555555
3 0.525828125 0.6897314814814814 0.06892187500000001 0.1774074074074074
6 0.42743229166666663 0.7239537037037037 0.04525520833333333 0.13666666666666666
0 0.8110104166666667 0.5844074074074074 0.049338541666666666 0.1442314814814815
13 0.8653177083333333 0.6008425925925925 0.039093750000000003 0.08188888888888889
0 0.8735677083333333 0.562037037037037 0.041375 0.08061111111111112
0 0.7909375 0.6760833333333333 0.09047916666666667 0.11497222222222223
0 0.7360156250000001 0.7728425925925926 0.07409375 0.164
0 0.7853489583333333 0.8081018518518519 0.065984375 0.09183333333333334
7 0.8323125 0.7750925925925927 0.1000625 0.1439537037037037
0 0.8315260416666667 0.8249722222222222 0.038656249999999996 0.058750000000000004
7 0.731609375 0.6156296296296296 0.07897916666666666 0.10062962962962964
7 0.8835625 0.7025370370370371 0.04510416666666666 0.16805555555555557
7 0.7511510416666667 0.7117685185185185 0.07388541666666668 0.12855555555555556
7 0.8505885416666668 0.6885833333333333 0.04722395833333334 0.15980555555555556
0 0.38333333333333336 0.7089722222222222 0.05244791666666667 0.15001851851851852
10 0.37383333333333335 0.6336759259259259 0.0445 0.11285185185185184
0 0.4662864583333333 0.5804259259259259 0.042192708333333336 0.06360185185185185
3 0.468046875 0.6415000000000001 0.028583333333333336 0.050916666666666666
13 0.5456354166666666 0.5705833333333333 0.019453125 0.03265740740740741