7 0.7549843749999999 0.8328055555555555 0.08980729166666666 0.11376851851851852
12 0.85109375 0.8046018518518518 0.054489583333333334 0.1575925925925926
7 0.8275104166666666 0.7858055555555555 0.041479166666666664 0.1547037037037037
2 0.49716666666666665 0.8531574074074074 0.07579166666666667 0.09226851851851853
6 0.2948177083333333 0.8394537037037038 0.06805208333333333 0.14956481481481482
11 0.5091666666666667 0.8202407407407407 0.07706770833333333 0.06616666666666667
11 0.5502135416666667 0.8415092592592593 0.020604166666666666 0.06198148148148148
11 0.5001197916666666 0.8331666666666667 0.026510416666666665 0.09337962962962962
1 0.49671875000000004 0.7210740740740741 0.07783854166666666 0.1704166666666667
11 0.502953125 0.563962962962963 0.068765625 0.03935185185185185
7 0.7218489583333334 0.7272037037037037 0.051723958333333334 0.16514814814814816
2 0.2569166666666666 0.7443148148148149 0.13385416666666666 0.24330555555555552
2 0.4107083333333333 0.8211481481481482 0.12521354166666668 0.1796111111111111
6 0.19140625 0.6909722222222222 0.16145833333333334 0.22916666666666666
3 0.4011510416666667 0.6814444444444445 0.055802083333333335 0.11384259259259259
2 0.43545833333333334 0.6115092592592593 0.11892708333333334 0.13011111111111112
7 0.7689114583333333 0.735111111111111 0.101546875 0.12685185185185185
2 0.5728281249999999 0.6833888888888888 0.11049479166666668 0.17782407407407408
7 0.8126197916666666 0.6402129629629629 0.08933333333333333 0.06948148148148149