2 0.6014166666666667 0.6311018518518519 0.08539583333333334 0.19518518518518518
2 0.5611614583333334 0.8559259259259259 0.10084895833333334 0.12145370370370369
2 0.44608333333333333 0.8400277777777778 0.1309375 0.12723148148148147
2 0.4164791666666667 0.7228055555555556 0.18005208333333333 0.12457407407407407
2 0.4818645833333333 0.5790555555555555 0.12768229166666667 0.16049074074074074
3 0.5924739583333333 0.7315925925925926 0.07238020833333333 0.10699074074074073
3 0.5367656249999999 0.8038796296296297 0.09271354166666666 0.16771296296296295
7 0.7575677083333333 0.8219537037037037 0.09027604166666667 0.11711111111111111
7 0.72096875 0.7359259259259259 0.054489583333333334 0.18217592592592594
12 0.85109375 0.8046018518518518 0.054489583333333334 0.1575925925925926
7 0.8275104166666666 0.7858055555555555 0.041479166666666664 0.1547037037037037
6 0.2805989583333333 0.7650462962962963 0.08463541666666667 0.20601851851851852
12 0.7565104166666666 0.7141203703703703 0.03125 0.15046296296296297
12 0.755859375 0.6736111111111112 0.09505208333333333 0.06944444444444445
1 0.380859375 0.6154074074074074 0.09765625 0.16269444444444445
13 0.3763020833333333 0.6111111111111112 0.059895833333333336 0.12962962962962962