2 0.5527864583333333 0.8515925925925926 0.10208333333333333 0.16111111111111112
2 0.38871354166666666 0.6911388888888889 0.13222916666666668 0.27285185185185185
7 0.7265625 0.7287037037037037 0.046875 0.1537037037037037
7 0.7688958333333333 0.7138796296296296 0.096125 0.10183333333333333
6 0.21946354166666668 0.4212962962962963 0.06457291666666667 0.10958333333333332
2 0.26188541666666665 0.7333611111111111 0.08623958333333334 0.18746296296296297
11 0.227078125 0.4625185185185185 0.022557291666666666 0.06683333333333334
6 0.31356249999999997 0.32635185185185184 0.07965625 0.14547222222222222
2 0.48632291666666666 0.5909351851851852 0.11988020833333332 0.1764351851851852
7 0.7567708333333333 0.8185370370370371 0.087140625 0.10547222222222222
12 0.8505364583333334 0.7990833333333334 0.05159375 0.14780555555555555
7 0.8275208333333333 0.78325 0.04119791666666666 0.14780555555555555
8 0.8394010416666667 0.7034074074074074 0.08054166666666666 0.09898148148148149
7 0.8136041666666666 0.6430277777777778 0.09205208333333334 0.07456481481481482
8 0.25654166666666667 0.8183148148148148 0.05688020833333333 0.1041574074074074
2 0.2808802083333333 0.4702037037037037 0.07969791666666667 0.17025925925925925
6 0.3885416666666667 0.3627962962962963 0.066203125 0.09255555555555554
13 0.3360625 0.3965925925925926 0.057765625 0.051416666666666666
6 0.355953125 0.45751851851851855 0.060828125000000004 0.12359259259259259
2 0.45969791666666665 0.7345 0.12927604166666667 0.1495462962962963
3 0.5333697916666666 0.8055277777777778 0.09143229166666668 0.1553240740740741
2 0.6021979166666667 0.6281296296296296 0.08923958333333333 0.16392592592592592
13 0.5936927083333334 0.7238611111111111 0.04761979166666667 0.05925925925925926
13 0.5303697916666666 0.6491851851851852 0.046947916666666666 0.10881481481481481
3 0.5276979166666667 0.6544722222222222 0.08081770833333332 0.14896296296296296