2 0.5527864583333333 0.8515925925925926 0.10208333333333333 0.16111111111111112
2 0.3990989583333333 0.699462962962963 0.178125 0.26972222222222225
7 0.8322916666666667 0.7953703703703704 0.04791666666666667 0.1685185185185185
7 0.7265625 0.7287037037037037 0.046875 0.1537037037037037
7 0.7677083333333333 0.7092592592592593 0.09375 0.09259259259259259
0 0.7854166666666667 0.812962962962963 0.05416666666666667 0.08888888888888889
1 0.33171354166666667 0.47685185185185186 0.06979166666666667 0.12037037037037036
3 0.2755208333333333 0.48518518518518516 0.05520833333333333 0.12222222222222222
12 0.5974322916666667 0.6339907407407408 0.012057291666666666 0.08799074074074074
2 0.47655729166666666 0.8082777777777779 0.10497395833333334 0.1755
8 0.7855989583333333 0.6647777777777778 0.049859375000000004 0.07922222222222222
6 0.228484375 0.40525925925925926 0.07660416666666667 0.17375000000000002
2 0.5748697916666666 0.7124259259259259 0.10561458333333333 0.16280555555555556
11 0.324265625 0.4290648148148148 0.05848958333333333 0.10855555555555554
2 0.24644270833333334 0.7597777777777778 0.10813541666666666 0.20692592592592593
6 0.3134166666666667 0.3129074074074074 0.08635416666666668 0.13275
11 0.3451666666666667 0.2609814814814815 0.022859375 0.05057407407407407
11 0.34618229166666664 0.39012037037037034 0.05232291666666666 0.05057407407407407
6 0.38656770833333337 0.36844444444444446 0.07416145833333333 0.11739814814814815