2 0.5527864583333333 0.8515925925925926 0.10208333333333333 0.16111111111111112
2 0.5630208333333333 0.6888888888888889 0.10104166666666667 0.14814814814814814
2 0.3990989583333333 0.699462962962963 0.178125 0.26972222222222225
7 0.8322916666666667 0.7953703703703704 0.04791666666666667 0.1685185185185185
7 0.7265625 0.7287037037037037 0.046875 0.1537037037037037
7 0.7677083333333333 0.7092592592592593 0.09375 0.09259259259259259
0 0.7854166666666667 0.812962962962963 0.05416666666666667 0.08888888888888889
1 0.33171354166666667 0.47685185185185186 0.06979166666666667 0.12037037037037036
1 0.2755208333333333 0.48518518518518516 0.05520833333333333 0.12222222222222222
11 0.3380208333333333 0.38796296296296295 0.057291666666666664 0.07222222222222222
3 0.30706249999999996 0.3221388888888889 0.059244791666666664 0.10902777777777778
12 0.5974322916666667 0.6339907407407408 0.012057291666666666 0.08799074074074074
6 0.37379166666666663 0.35925 0.08820833333333335 0.13496296296296295
2 0.47655729166666666 0.8082777777777779 0.10497395833333334 0.1755
8 0.7855989583333333 0.6647777777777778 0.049859375000000004 0.07922222222222222
6 0.228484375 0.40525925925925926 0.07660416666666667 0.17375000000000002
11 0.3211354166666667 0.4209814814814815 0.0576875 0.10939814814814815