2 0.5611614583333334 0.8559259259259259 0.10084895833333334 0.12145370370370369
2 0.46405208333333337 0.6547314814814815 0.08421354166666667 0.19325925925925927
3 0.5924739583333333 0.7223888888888889 0.07238020833333333 0.10699074074074073
3 0.5367656249999999 0.8038796296296297 0.09271354166666666 0.16771296296296295
7 0.7575677083333333 0.8219537037037037 0.09027604166666667 0.11711111111111111
7 0.72096875 0.7359259259259259 0.054489583333333334 0.18217592592592594
12 0.85109375 0.8046018518518518 0.054489583333333334 0.1575925925925926
7 0.8275104166666666 0.7858055555555555 0.041479166666666664 0.1547037037037037
6 0.25375 0.7734259259259259 0.14453125 0.19212962962962962
12 0.7565104166666666 0.7141203703703703 0.03125 0.15046296296296297
12 0.755859375 0.6736111111111112 0.09505208333333333 0.06944444444444445
8 0.6033437500000001 0.6143888888888889 0.06579166666666666 0.12338888888888888
8 0.536828125 0.6786574074074074 0.06579166666666666 0.10282407407407407
12 0.5274270833333333 0.7030740740740741 0.02675 0.0694074074074074
13 0.5903072916666667 0.7227962962962963 0.041979166666666665 0.06542592592592593
6 0.39116666666666666 0.7348148148148148 0.16054166666666667 0.18316666666666667