2 0.5527864583333333 0.8515925925925926 0.10208333333333333 0.16111111111111112
2 0.40002604166666667 0.6963333333333332 0.17821875 0.27285185185185185
7 0.8322916666666667 0.7953703703703704 0.04791666666666667 0.1685185185185185
7 0.7265625 0.7287037037037037 0.046875 0.1537037037037037
7 0.7677083333333333 0.7092592592592593 0.09375 0.09259259259259259
0 0.7854166666666667 0.812962962962963 0.05416666666666667 0.08888888888888889
1 0.34333854166666666 0.47540740740740745 0.06789583333333334 0.1147037037037037
12 0.5974322916666667 0.6339907407407408 0.012057291666666666 0.08799074074074074
2 0.4749947916666667 0.824962962962963 0.10497395833333334 0.1755
8 0.7855989583333333 0.6647777777777778 0.049859375000000004 0.07922222222222222
6 0.21946354166666668 0.4212962962962963 0.06457291666666667 0.10958333333333332
2 0.5748697916666666 0.7124259259259259 0.10561458333333333 0.16280555555555556
2 0.26188541666666665 0.7333611111111111 0.08623958333333334 0.18746296296296297
6 0.37355208333333334 0.3710185185185185 0.08717708333333334 0.11739814814814815
2 0.2751822916666667 0.44799999999999995 0.08144270833333334 0.18317592592592594
11 0.33540625 0.4281203703703704 0.040984374999999997 0.0870462962962963
11 0.227078125 0.4625185185185185 0.022557291666666666 0.06683333333333334
11 0.3579166666666667 0.3896574074074074 0.04511458333333333 0.044111111111111115
6 0.319203125 0.32069444444444445 0.08314583333333332 0.14781481481481482
12 0.34559375 0.2538518518518519 0.024583333333333336 0.05269444444444444
8 0.5286458333333334 0.4618055555555556 0.09375 0.1412037037037037
12 0.5227864583333334 0.36342592592592593 0.02734375 0.11574074074074074