2 0.42602083333333335 0.8216574074074074 0.08421354166666667 0.14677777777777778
1 0.400875 0.6775 0.05868229166666667 0.14680555555555558
7 0.7575677083333333 0.8219537037037037 0.09027604166666667 0.11711111111111111
7 0.72096875 0.7359259259259259 0.054489583333333334 0.18217592592592594
12 0.85109375 0.8046018518518518 0.054489583333333334 0.1575925925925926
7 0.8275104166666666 0.7858055555555555 0.041479166666666664 0.1547037037037037
2 0.2778802083333333 0.6519074074074074 0.0700625 0.11972222222222223
12 0.7565104166666666 0.7141203703703703 0.03125 0.15046296296296297
12 0.755859375 0.6736111111111112 0.09505208333333333 0.06944444444444445
8 0.6048177083333334 0.6168981481481481 0.06901041666666667 0.12731481481481483
2 0.48640625 0.8490185185185186 0.08684375000000001 0.09226851851851853
6 0.2948177083333333 0.8181666666666667 0.06805208333333333 0.19214814814814815
2 0.18897395833333333 0.6789814814814814 0.10325000000000001 0.19322222222222224
12 0.5826666666666667 0.7018796296296296 0.023177083333333334 0.07686111111111112
2 0.18844791666666666 0.7930648148148148 0.10896875 0.17753703703703705
11 0.4928854166666667 0.8181759259259259 0.10614583333333334 0.06616666666666667
11 0.5502135416666667 0.8415092592592593 0.020604166666666666 0.06198148148148148
12 0.573984375 0.6541388888888889 0.06709375 0.10800925925925926
2 0.27407291666666667 0.7539259259259259 0.07444270833333334 0.10694444444444444
11 0.5094270833333333 0.828 0.03697916666666667 0.09337962962962962
12 0.419921875 0.6407685185185185 0.04019791666666667 0.14197222222222222
1 0.5046041666666666 0.7041296296296297 0.08307291666666666 0.16007407407407406
2 0.4303385416666667 0.24768518518518517 0.08723958333333333 0.14814814814814814