2 0.3138020833333333 0.36342592592592593 0.109375 0.21296296296296297
2 0.41495312500000003 0.6828055555555556 0.0905625 0.2063796296296296
3 0.40013020833333335 0.8284351851851852 0.029640624999999997 0.04390740740740741
12 0.410421875 0.7720833333333333 0.020583333333333335 0.1449074074074074
12 0.4906979166666667 0.6718240740740741 0.04610416666666666 0.24589814814814814
12 0.5421510416666667 0.6754814814814815 0.13255208333333332 0.01025
12 0.550796875 0.6615833333333333 0.08397916666666667 0.02049074074074074
12 0.5903177083333334 0.6813425925925927 0.031286458333333336 0.17417592592592593
3 0.5178645833333333 0.8350277777777778 0.029640624999999997 0.05123148148148148
3 0.5545000000000001 0.7237870370370371 0.08644791666666667 0.14197222222222222
9 0.5705572916666667 0.7428148148148148 0.04116666666666667 0.033666666666666664
13 0.5442083333333334 0.7332962962962963 0.01646875 0.04976851851851852
13 0.46311458333333333 0.7559814814814815 0.023875 0.06000925925925926
11 0.5549114583333333 0.8225833333333333 0.024697916666666667 0.06733333333333333
7 0.7236927083333333 0.726712962962963 0.049401041666666666 0.16539814814814816
7 0.7607447916666668 0.810138888888889 0.08397916666666667 0.13319444444444445
0 0.8093177083333334 0.8013611111111112 0.03293229166666666 0.11562962962962962
7 0.8344270833333333 0.6915833333333333 0.032109375 0.09221296296296297
8 0.8187083333333334 0.7139814814814816 0.053578125000000004 0.10898148148148148
13 0.8270833333333333 0.6971203703703703 0.0449375 0.06691666666666667
12 0.7994322916666667 0.7483333333333334 0.02880729166666667 0.03960185185185185
7 0.8014895833333333 0.8428888888888889 0.09109375 0.09559259259259259
7 0.7524635416666666 0.6871296296296296 0.057567708333333335 0.11920370370370371