2 0.4138072916666667 0.6850925925925926 0.09633854166666667 0.20228703703703704
12 0.58478125 0.686675925925926 0.037796874999999994 0.1791851851851852
12 0.5367239583333333 0.6809166666666666 0.12743229166666667 0.02815740740740741
3 0.5532864583333333 0.7237962962962964 0.08927604166666667 0.13823148148148148
13 0.546625 0.7282777777777777 0.03131770833333333 0.0447962962962963
7 0.7563124999999999 0.7359537037037037 0.05759375 0.15231481481481482
7 0.75109375 0.8220277777777777 0.065875 0.10431481481481482
7 0.8320885416666666 0.6834722222222221 0.037078124999999997 0.0806388888888889
0 0.80940625 0.7932314814814815 0.043557291666666664 0.10175000000000001
7 0.718515625 0.7221944444444445 0.030239583333333334 0.11455555555555555
2 0.31248437500000004 0.3623240740740741 0.10158854166666667 0.21526851851851853
8 0.5171197916666667 0.6273055555555556 0.06771875000000001 0.08653703703703704
6 0.48971875 0.7688518518518519 0.08351041666666667 0.18484259259259259
3 0.5182291666666666 0.837037037037037 0.030208333333333334 0.05185185185185185
12 0.6334635416666666 0.38657407407407407 0.055989583333333336 0.0787037037037037