2 0.5527864583333333 0.8515925925925926 0.10208333333333333 0.16111111111111112
2 0.3705572916666667 0.699462962962963 0.12104166666666667 0.26972222222222225
7 0.8322916666666667 0.7953703703703704 0.04791666666666667 0.1685185185185185
7 0.7265625 0.7287037037037037 0.046875 0.1537037037037037
7 0.7677083333333333 0.7092592592592593 0.09375 0.09259259259259259
0 0.7854166666666667 0.812962962962963 0.05416666666666667 0.08888888888888889
1 0.33515104166666665 0.47540740740740745 0.06789583333333334 0.1147037037037037
12 0.5974322916666667 0.6339907407407408 0.012057291666666666 0.08799074074074074
2 0.4749947916666667 0.824962962962963 0.10497395833333334 0.1755
8 0.7855989583333333 0.6647777777777778 0.049859375000000004 0.07922222222222222
6 0.228484375 0.40525925925925926 0.07660416666666667 0.17375000000000002
2 0.5748697916666666 0.7124259259259259 0.10561458333333333 0.16280555555555556
2 0.24644270833333334 0.7597777777777778 0.10813541666666666 0.20692592592592593
6 0.3134166666666667 0.3129074074074074 0.08635416666666668 0.13275
11 0.3451666666666667 0.2609814814814815 0.022859375 0.05057407407407407
6 0.38656770833333337 0.36844444444444446 0.07416145833333333 0.11739814814814815
2 0.2639739583333333 0.49491666666666667 0.12265625 0.09191666666666666
11 0.34339583333333334 0.3864444444444445 0.059208333333333335 0.05112037037037037
11 0.3247916666666667 0.43004629629629626 0.059208333333333335 0.09924074074074074
2 0.4707604166666667 0.6520092592592592 0.15640104166666668 0.2557962962962963