13 0.5306614583333333 0.6455648148148149 0.047984374999999996 0.11422222222222222
1 0.52578125 0.6498981481481482 0.08864583333333333 0.15181481481481482
2 0.6014166666666667 0.6311018518518519 0.08539583333333334 0.19518518518518518
2 0.5611614583333334 0.8559259259259259 0.10084895833333334 0.12145370370370369
2 0.44608333333333333 0.8400277777777778 0.1309375 0.12723148148148147
2 0.4151770833333333 0.66725 0.18786458333333333 0.21253703703703702
2 0.4818645833333333 0.5790555555555555 0.12768229166666667 0.16049074074074074
3 0.5924739583333333 0.7315925925925926 0.07238020833333333 0.10699074074074073
3 0.5367656249999999 0.8038796296296297 0.09271354166666666 0.16771296296296295
7 0.7575677083333333 0.8219537037037037 0.09027604166666667 0.11711111111111111
7 0.72096875 0.7359259259259259 0.054489583333333334 0.18217592592592594
12 0.85109375 0.8046018518518518 0.054489583333333334 0.1575925925925926
7 0.8275104166666666 0.7858055555555555 0.041479166666666664 0.1547037037037037
6 0.2805989583333333 0.7650462962962963 0.08463541666666667 0.20601851851851852
12 0.7565104166666666 0.7141203703703703 0.03125 0.15046296296296297
12 0.755859375 0.6736111111111112 0.09505208333333333 0.06944444444444445
3 0.32482812499999997 0.49994444444444447 0.067671875 0.11228703703703703
3 0.3184375 0.306787037037037 0.066921875 0.11095370370370371
11 0.33121875 0.35424074074074074 0.029322916666666664 0.037425925925925925
11 0.32332812499999997 0.45315740740740745 0.03759375 0.11228703703703703
13 0.28234375 0.4157314814814815 0.033838541666666666 0.06683333333333334
2 0.19098958333333332 0.3295092592592593 0.09173437499999999 0.18313888888888888
2 0.21016145833333333 0.46117592592592593 0.12406770833333333 0.16842592592592592
2 0.342125 0.3422037037037037 0.12331249999999999 0.1817962962962963
2 0.24926041666666665 0.29475 0.08195833333333334 0.14302777777777778