2 0.31354166666666666 0.362962962962963 0.10416666666666667 0.2037037037037037
6 0.371875 0.36666666666666664 0.08333333333333333 0.15185185185185185
11 0.5494791666666666 0.8046296296296296 0.057291666666666664 0.10185185185185185
12 0.5895833333333333 0.6842592592592592 0.027083333333333334 0.17592592592592593
2 0.5026041666666666 0.7222222222222222 0.128125 0.2
2 0.4114583333333333 0.6842592592592592 0.0875 0.19444444444444445
2 0.5651041666666666 0.6796296296296296 0.09895833333333333 0.14814814814814814
7 0.7515625 0.8226388888888889 0.056364583333333336 0.1247222222222222
7 0.7213229166666667 0.7290185185185185 0.044348958333333334 0.16319444444444445
7 0.8016510416666667 0.8377037037037037 0.08640104166666666 0.08648148148148149
0 0.7926666666666667 0.8050555555555556 0.04491666666666667 0.07350925925925926
8 0.8210416666666667 0.7176296296296296 0.054885416666666666 0.10594444444444445
12 0.7974010416666667 0.7542777777777778 0.03785416666666667 0.04443518518518519
7 0.8293489583333333 0.7920277777777778 0.048526041666666665 0.17270370370370372
7 0.7545416666666667 0.6782592592592592 0.06016666666666667 0.10990740740740741
13 0.3060885416666667 0.40120370370370373 0.022640625 0.047796296296296295