2 0.54375 0.8083333333333333 0.10208333333333333 0.16111111111111112
2 0.5630208333333333 0.6888888888888889 0.10104166666666667 0.14814814814814814
2 0.3890625 0.7398148148148148 0.178125 0.29444444444444445
7 0.8322916666666667 0.7953703703703704 0.04791666666666667 0.1685185185185185
7 0.7265625 0.7287037037037037 0.046875 0.1537037037037037
7 0.7677083333333333 0.7092592592592593 0.09375 0.09259259259259259
0 0.7854166666666667 0.812962962962963 0.05416666666666667 0.08888888888888889
3 0.3328125 0.47685185185185186 0.06979166666666667 0.12037037037037036
3 0.2755208333333333 0.48518518518518516 0.05520833333333333 0.12222222222222222
11 0.3380208333333333 0.38796296296296295 0.057291666666666664 0.07222222222222222
3 0.30833333333333335 0.3277777777777778 0.05416666666666667 0.1
9 0.2974583333333333 0.2665740740740741 0.05665625 0.10767592592592592