7 0.7549843749999999 0.8328055555555555 0.08980729166666666 0.11376851851851852
12 0.85109375 0.8046018518518518 0.054489583333333334 0.1575925925925926
7 0.8275104166666666 0.7858055555555555 0.041479166666666664 0.1547037037037037
2 0.49716666666666665 0.8531574074074074 0.07579166666666667 0.09226851851851853
6 0.2948177083333333 0.8394537037037038 0.06805208333333333 0.14956481481481482
11 0.5091666666666667 0.8202407407407407 0.07706770833333333 0.06616666666666667
11 0.5502135416666667 0.8415092592592593 0.020604166666666666 0.06198148148148148
11 0.5001197916666666 0.8331666666666667 0.026510416666666665 0.09337962962962962
1 0.4996302083333333 0.7640462962962963 0.05331770833333334 0.09385185185185185
7 0.7218489583333334 0.7272037037037037 0.051723958333333334 0.16514814814814816
2 0.2569166666666666 0.7443148148148149 0.13385416666666666 0.24330555555555552
2 0.40775 0.8225833333333333 0.11929687500000001 0.17674074074074073
6 0.19140625 0.6909722222222222 0.16145833333333334 0.22916666666666666
7 0.7689114583333333 0.735111111111111 0.101546875 0.12685185185185185
2 0.5854583333333333 0.7020185185185185 0.117484375 0.18451851851851853
2 0.49102083333333335 0.6418796296296296 0.110453125 0.2224537037037037
8 0.405453125 0.6647037037037037 0.055640625 0.11362037037037036
2 0.5651041666666666 0.1423611111111111 0.15885416666666666 0.2847222222222222