2 0.5527864583333333 0.8515925925925926 0.10208333333333333 0.16111111111111112
2 0.40002604166666667 0.6963333333333332 0.17821875 0.27285185185185185
7 0.7265625 0.7287037037037037 0.046875 0.1537037037037037
7 0.7562760416666666 0.7092592592592593 0.07088541666666666 0.09259259259259259
2 0.4789010416666667 0.7960277777777778 0.10497395833333334 0.23337037037037037
6 0.21946354166666668 0.4212962962962963 0.06457291666666667 0.10958333333333332
2 0.5748697916666666 0.7124259259259259 0.10561458333333333 0.16280555555555556
2 0.26188541666666665 0.7333611111111111 0.08623958333333334 0.18746296296296297
2 0.2751822916666667 0.44799999999999995 0.08144270833333334 0.18317592592592594
11 0.227078125 0.4625185185185185 0.022557291666666666 0.06683333333333334
8 0.61084375 0.6276111111111111 0.052083333333333336 0.09722222222222222
6 0.31356249999999997 0.32635185185185184 0.07965625 0.14547222222222222
6 0.3748333333333333 0.372287037037037 0.06842708333333333 0.11095370370370371
2 0.48632291666666666 0.5909351851851852 0.11988020833333332 0.1764351851851852
2 0.5432447916666666 0.6883425925925926 0.058093750000000006 0.11756481481481482
2 0.35190104166666664 0.45917592592592593 0.07068229166666667 0.12164814814814814
13 0.3447552083333333 0.38899074074074075 0.03985416666666666 0.0507962962962963
7 0.7567708333333333 0.8185370370370371 0.087140625 0.10547222222222222