2 0.42602083333333335 0.8216574074074074 0.08421354166666667 0.14677777777777778
3 0.4651510416666667 0.5758703703703704 0.07969270833333333 0.12373148148148148
7 0.7575677083333333 0.8219537037037037 0.09027604166666667 0.11711111111111111
7 0.72096875 0.7359259259259259 0.054489583333333334 0.18217592592592594
12 0.85109375 0.8046018518518518 0.054489583333333334 0.1575925925925926
7 0.8275104166666666 0.7858055555555555 0.041479166666666664 0.1547037037037037
2 0.22048437499999998 0.7364999999999999 0.11872395833333332 0.22127777777777777
12 0.7565104166666666 0.7141203703703703 0.03125 0.15046296296296297
12 0.755859375 0.6736111111111112 0.09505208333333333 0.06944444444444445
2 0.42448437499999997 0.6811666666666666 0.07734375 0.18316666666666667
8 0.6048177083333334 0.6168981481481481 0.06901041666666667 0.12731481481481483
3 0.58446875 0.7218333333333333 0.08822916666666666 0.1154537037037037
13 0.5988020833333334 0.7278148148148148 0.0398125 0.054935185185185184
2 0.567828125 0.6939814814814815 0.10603645833333333 0.16898148148148148
11 0.5140572916666667 0.7844537037037037 0.08735416666666666 0.13039814814814815
2 0.3340416666666667 0.7262500000000001 0.142765625 0.22193518518518518
2 0.48828125 0.8038518518518518 0.08893229166666666 0.16774999999999998