2 0.5527864583333333 0.8515925925925926 0.10208333333333333 0.16111111111111112
2 0.40002604166666667 0.6963333333333332 0.17821875 0.27285185185185185
7 0.8322916666666667 0.7953703703703704 0.04791666666666667 0.1685185185185185
7 0.7265625 0.7287037037037037 0.046875 0.1537037037037037
7 0.7677083333333333 0.7092592592592593 0.09375 0.09259259259259259
0 0.7854166666666667 0.812962962962963 0.05416666666666667 0.08888888888888889
1 0.34110416666666665 0.47540740740740745 0.06789583333333334 0.1147037037037037
12 0.5974322916666667 0.6339907407407408 0.012057291666666666 0.08799074074074074
2 0.4749947916666667 0.824962962962963 0.10497395833333334 0.1755
8 0.7855989583333333 0.6647777777777778 0.049859375000000004 0.07922222222222222
6 0.21946354166666668 0.4212962962962963 0.06457291666666667 0.10958333333333332
2 0.5748697916666666 0.7124259259259259 0.10561458333333333 0.16280555555555556
2 0.26188541666666665 0.7333611111111111 0.08623958333333334 0.18746296296296297
6 0.38656770833333337 0.36844444444444446 0.07416145833333333 0.11739814814814815
2 0.2639739583333333 0.49491666666666667 0.12265625 0.09191666666666666
11 0.33540625 0.4281203703703704 0.040984374999999997 0.0870462962962963
11 0.227078125 0.4625185185185185 0.022557291666666666 0.06683333333333334
11 0.3579166666666667 0.3896574074074074 0.04511458333333333 0.044111111111111115