1 0.28177083333333336 0.48055555555555557 0.071875 0.10555555555555556
13 0.2947916666666667 0.49166666666666664 0.03333333333333333 0.05
11 0.25625 0.45 0.04791666666666667 0.12222222222222222
11 0.26145833333333335 0.28703703703703703 0.07916666666666666 0.17777777777777778
9 0.2734375 0.3398148148148148 0.034375 0.09814814814814815
3 0.284375 0.3333333333333333 0.09166666666666666 0.15925925925925927
2 0.54375 0.8083333333333333 0.10208333333333333 0.16111111111111112
2 0.5630208333333333 0.6888888888888889 0.10104166666666667 0.14814814814814814
2 0.3890625 0.7398148148148148 0.178125 0.29444444444444445
7 0.8322916666666667 0.7953703703703704 0.04791666666666667 0.1685185185185185
7 0.7265625 0.7287037037037037 0.046875 0.1537037037037037
7 0.7677083333333333 0.7092592592592593 0.09375 0.09259259259259259
0 0.7854166666666667 0.812962962962963 0.05416666666666667 0.08888888888888889