2 0.5527864583333333 0.8515925925925926 0.10208333333333333 0.16111111111111112
2 0.40002604166666667 0.6963333333333332 0.17821875 0.27285185185185185
7 0.8322916666666667 0.7953703703703704 0.04791666666666667 0.1685185185185185
7 0.7265625 0.7287037037037037 0.046875 0.1537037037037037
7 0.7677083333333333 0.7092592592592593 0.09375 0.09259259259259259
0 0.7854166666666667 0.812962962962963 0.05416666666666667 0.08888888888888889
2 0.4789010416666667 0.7960277777777778 0.10497395833333334 0.23337037037037037
8 0.7855989583333333 0.6647777777777778 0.049859375000000004 0.07922222222222222
6 0.21946354166666668 0.4212962962962963 0.06457291666666667 0.10958333333333332
2 0.5748697916666666 0.7124259259259259 0.10561458333333333 0.16280555555555556
2 0.26188541666666665 0.7333611111111111 0.08623958333333334 0.18746296296296297
2 0.2751822916666667 0.44799999999999995 0.08144270833333334 0.18317592592592594
11 0.227078125 0.4625185185185185 0.022557291666666666 0.06683333333333334
8 0.61084375 0.6276111111111111 0.052083333333333336 0.09722222222222222
11 0.33963020833333335 0.4287037037037037 0.042 0.09784259259259259
6 0.31356249999999997 0.32635185185185184 0.07965625 0.14547222222222222
1 0.342890625 0.4821296296296297 0.06590104166666667 0.11973148148148148
14 0.3181145833333333 0.24320370370370373 0.06318229166666667 0.1268611111111111
12 0.299640625 0.17132407407407407 0.05322916666666667 0.1830925925925926