2 0.3143229166666667 0.36342592592592593 0.109375 0.21296296296296297
2 0.41495312500000003 0.6828055555555556 0.0905625 0.2063796296296296
3 0.40013020833333335 0.8284351851851852 0.029640624999999997 0.04390740740740741
12 0.410421875 0.7720833333333333 0.020583333333333335 0.1449074074074074
12 0.5903177083333334 0.6813425925925927 0.031286458333333336 0.17417592592592593
3 0.5178645833333333 0.8350277777777778 0.029640624999999997 0.05123148148148148
11 0.5549114583333333 0.8225833333333333 0.024697916666666667 0.06733333333333333
7 0.7236927083333333 0.726712962962963 0.049401041666666666 0.16539814814814816
7 0.7607447916666668 0.810138888888889 0.08397916666666667 0.13319444444444445
0 0.8093177083333334 0.8013611111111112 0.03293229166666666 0.11562962962962962
8 0.8187083333333334 0.7139814814814816 0.053578125000000004 0.10898148148148148
13 0.8270833333333333 0.6971203703703703 0.0449375 0.06691666666666667
12 0.7994322916666667 0.7483333333333334 0.02880729166666667 0.03960185185185185
3 0.21663541666666666 0.4597037037037037 0.06927604166666666 0.07971296296296297
3 0.3040260416666667 0.3080648148148148 0.04911458333333333 0.09469444444444444
6 0.3723854166666667 0.35910185185185184 0.07969791666666667 0.14494444444444443
2 0.5632031249999999 0.6844722222222223 0.10129687500000001 0.15689814814814815
2 0.49943229166666664 0.7203148148148149 0.14049479166666667 0.19917592592592595
11 0.5495416666666666 0.8047407407407408 0.05977604166666666 0.09986111111111111
11 0.25991145833333335 0.3700185185185185 0.04348958333333333 0.027240740740740742
9 0.2275625 0.4749444444444445 0.039223958333333336 0.036833333333333336
7 0.7535833333333334 0.6787777777777778 0.058895833333333335 0.11064814814814815