6 0.3756510416666667 0.3715277777777778 0.07682291666666667 0.09490740740740741
7 0.8313802083333334 0.7928240740740741 0.055989583333333336 0.18287037037037038
7 0.720703125 0.7256944444444444 0.045572916666666664 0.1736111111111111
7 0.7493489583333334 0.8275462962962963 0.055989583333333336 0.11342592592592593
8 0.8229166666666666 0.7210648148148148 0.059895833333333336 0.12268518518518519
12 0.796875 0.7546296296296297 0.036458333333333336 0.046296296296296294
11 0.2571614583333333 0.44907407407407407 0.05078125 0.12037037037037036
3 0.3072916666666667 0.33101851851851855 0.057291666666666664 0.09259259259259259
3 0.2819010416666667 0.4826388888888889 0.07161458333333333 0.1087962962962963
13 0.2975260416666667 0.48842592592592593 0.029947916666666668 0.041666666666666664
11 0.3359375 0.3854166666666667 0.057291666666666664 0.07175925925925926
7 0.771484375 0.7106481481481481 0.09765625 0.09722222222222222
2 0.400390625 0.7557870370370371 0.16276041666666666 0.28935185185185186
2 0.54296875 0.8055555555555556 0.10416666666666667 0.1527777777777778
2 0.5598958333333334 0.6875 0.09635416666666667 0.1527777777777778