7 0.7549843749999999 0.8328055555555555 0.08980729166666666 0.11376851851851852
12 0.85109375 0.8046018518518518 0.054489583333333334 0.1575925925925926
7 0.8275104166666666 0.7858055555555555 0.041479166666666664 0.1547037037037037
2 0.2680520833333333 0.8301851851851852 0.08628125 0.15419444444444444
7 0.7324739583333333 0.6856481481481481 0.051723958333333334 0.16514814814814816
2 0.40775 0.8225833333333333 0.11929687500000001 0.17674074074074073
7 0.7724427083333333 0.7278333333333333 0.09273437500000001 0.1174537037037037
2 0.49076041666666664 0.6434537037037037 0.137375 0.2267962962962963
8 0.5983750000000001 0.6073518518518519 0.06747916666666667 0.1405
2 0.57759375 0.7455185185185185 0.079875 0.23580555555555555
12 0.43866666666666665 0.731648148148148 0.019463541666666664 0.024722222222222222
8 0.40634895833333334 0.6677962962962963 0.04733333333333333 0.1038425925925926
2 0.21419270833333334 0.8055555555555556 0.14973958333333334 0.16203703703703703
2 0.20377604166666666 0.6168981481481481 0.11067708333333333 0.24305555555555555
3 0.5377760416666667 0.7849074074074075 0.08203125 0.1527777777777778
6 0.2955729166666667 0.6145833333333334 0.11979166666666667 0.28935185185185186
13 0.4846197916666667 0.7002314814814815 0.06299479166666667 0.1087962962962963
3 0.52671875 0.6307222222222222 0.07093229166666666 0.14058333333333334
11 0.4758802083333334 0.6130833333333333 0.10753645833333333 0.1384351851851852
2 0.5608541666666667 0.6454907407407408 0.053765625000000004 0.17688888888888887
11 0.5460260416666666 0.7789814814814814 0.020395833333333332 0.11206481481481481