2 0.42602083333333335 0.8216574074074074 0.08421354166666667 0.14677777777777778
1 0.40471874999999996 0.6779907407407407 0.05868229166666667 0.11848148148148148
7 0.7549843749999999 0.8328055555555555 0.08980729166666666 0.11376851851851852
12 0.85109375 0.8046018518518518 0.054489583333333334 0.1575925925925926
7 0.8275104166666666 0.7858055555555555 0.041479166666666664 0.1547037037037037
12 0.7565104166666666 0.7237314814814815 0.03125 0.15046296296296297
12 0.7499895833333333 0.66025 0.09364062499999999 0.06610185185185186
8 0.5962031250000001 0.6195370370370371 0.062473958333333336 0.1410462962962963
2 0.48640625 0.8490185185185186 0.08684375000000001 0.09226851851851853
6 0.2948177083333333 0.8394537037037038 0.06805208333333333 0.14956481481481482
11 0.4928854166666667 0.8181759259259259 0.10614583333333334 0.06616666666666667
11 0.5502135416666667 0.8415092592592593 0.020604166666666666 0.06198148148148148
11 0.5094270833333333 0.828 0.03697916666666667 0.09337962962962962
12 0.41922916666666665 0.6654907407407408 0.04019791666666667 0.09253703703703703
1 0.5077552083333333 0.7155277777777778 0.07786458333333333 0.16139814814814815
11 0.502953125 0.563962962962963 0.068765625 0.03935185185185185
3 0.5636510416666667 0.7133333333333333 0.06838020833333333 0.15195370370370373
12 0.5626770833333333 0.7029074074074074 0.041026041666666666 0.1015925925925926
9 0.5700000000000001 0.7263518518518519 0.045911458333333335 0.04081481481481481
12 0.5539322916666667 0.6865925925925925 0.04400520833333333 0.12421296296296297
7 0.7218489583333334 0.7438981481481481 0.051723958333333334 0.13175925925925927
2 0.2569166666666666 0.7443148148148149 0.13385416666666666 0.24330555555555552
2 0.43261458333333336 0.6016481481481482 0.11290625 0.14050925925925925
6 0.19140625 0.6909722222222222 0.16145833333333334 0.22916666666666666
2 0.943359375 0.36226851851851855 0.11067708333333333 0.27546296296296297
2 0.8932291666666666 0.3113425925925926 0.140625 0.2152777777777778