6 0.28377083333333336 0.7581574074074073 0.08419791666666666 0.20910185185185187
2 0.28473437500000004 0.47934259259259265 0.09255729166666667 0.18168518518518517
2 0.324265625 0.31080555555555556 0.108625 0.14854629629629632
13 0.32747916666666665 0.40221296296296294 0.05848958333333333 0.06855555555555556
2 0.36957812500000004 0.42221296296296296 0.09769791666666668 0.18397222222222223
3 0.5274479166666667 0.6555277777777778 0.09080208333333334 0.16142592592592592
13 0.5289270833333333 0.6397777777777778 0.06717708333333333 0.11942592592592592
3 0.5344635416666667 0.8018611111111111 0.09596874999999999 0.16536111111111113
2 0.6045937499999999 0.6391203703703704 0.09006249999999999 0.20210185185185187
2 0.48573958333333334 0.576787037037037 0.12697395833333333 0.16404629629629627
2 0.4193020833333333 0.6863703703703703 0.1845520833333333 0.23360185185185184
2 0.44624479166666664 0.8497592592592592 0.13361458333333334 0.13779629629629628
2 0.563625 0.8569814814814815 0.09375 0.1338611111111111
7 0.7245520833333334 0.7283703703703703 0.053890625 0.1732314814814815
7 0.7588802083333334 0.8208888888888889 0.093015625 0.11680555555555557
7 0.8507864583333333 0.7998888888888889 0.052411458333333334 0.16142592592592592
7 0.8334375 0.7966111111111112 0.04872395833333333 0.16798148148148148
7 0.765890625 0.7145833333333333 0.09522916666666667 0.09842592592592592