2 0.20468229166666668 0.6119537037037037 0.12485416666666667 0.19287962962962962
2 0.2672083333333333 0.6360462962962963 0.15475 0.30905555555555553
2 0.5362395833333333 0.6454814814814814 0.10815104166666667 0.16075
2 0.5630520833333333 0.7573425925925925 0.10913541666666667 0.22327777777777777
2 0.40729166666666666 0.8212870370370371 0.10001041666666667 0.1601111111111111
8 0.24009895833333333 0.8015 0.10746875 0.1324722222222222
12 0.22986979166666668 0.8003703703703704 0.10521875 0.0824537037037037
2 0.14908854166666666 0.6901666666666667 0.07530208333333334 0.23766666666666666
2 0.27329166666666665 0.8317222222222223 0.10478645833333333 0.11752777777777779
3 0.48078645833333333 0.8198981481481482 0.06930729166666666 0.16897222222222222
9 0.4791458333333333 0.8144166666666667 0.035234375000000005 0.0987037037037037
9 0.48118229166666665 0.8333055555555556 0.03434375 0.10683333333333334
11 0.47462499999999996 0.5920277777777778 0.09672395833333333 0.08346296296296296
11 0.47884895833333335 0.626712962962963 0.08828125 0.10868518518518518
11 0.5461979166666667 0.7832222222222223 0.007484375 0.12324074074074073
11 0.5550885416666667 0.7654166666666666 0.008583333333333333 0.08542592592592593
3 0.5443125 0.7897962962962963 0.07284375000000001 0.1497037037037037
3 0.5254895833333334 0.6316944444444444 0.06777604166666666 0.1356574074074074
12 0.4394739583333333 0.730824074074074 0.013203125000000001 0.022166666666666668
8 0.409484375 0.6676388888888889 0.049854166666666665 0.08918518518518517
8 0.44059375 0.7324722222222223 0.051109375 0.09217592592592593
7 0.7309635416666667 0.6928703703703704 0.0559375 0.1613888888888889
7 0.8192031249999999 0.7265185185185185 0.10759895833333334 0.12162037037037036
7 0.755 0.8212870370370371 0.08218750000000001 0.09603703703703703
7 0.7677447916666666 0.7451018518518518 0.0683125 0.12576851851851853
7 0.8114218750000001 0.644888888888889 0.08760416666666666 0.06446296296296297
7 0.837265625 0.829962962962963 0.04828645833333333 0.11662037037037037
12 0.7957760416666667 0.8365092592592592 0.06301562499999999 0.10523148148148148
12 0.8431927083333334 0.8350648148148149 0.024822916666666663 0.11322222222222222
8 0.83459375 0.696388888888889 0.05658333333333333 0.07292592592592594
8 0.6022968750000001 0.6203333333333334 0.06260416666666667 0.1287685185185185
13 0.604890625 0.6204351851851853 0.05 0.08681481481481482
6 0.17202083333333332 0.7732222222222223 0.10973958333333332 0.18694444444444444
2 0.4668645833333333 0.6508055555555555 0.098765625 0.1892685185185185
13 0.4885677083333333 0.6802870370370371 0.058416666666666665 0.11108333333333333
6 0.4216197916666667 0.5861759259259259 0.074296875 0.08101851851851852
6 0.490375 0.712925925925926 0.047203125 0.1472037037037037
2 0.0370625 0.605175925925926 0.07411979166666667 0.16686111111111113