2 0.315 0.3643148148148148 0.103046875 0.2123425925925926
2 0.4133645833333333 0.6849074074074074 0.08899479166666667 0.20817592592592593
3 0.5545208333333334 0.7252037037037037 0.091109375 0.13761111111111113
9 0.5702760416666667 0.741037037037037 0.04452604166666666 0.04505555555555555
12 0.5874010416666666 0.6825833333333334 0.033567708333333335 0.17901851851851852
13 0.5367083333333333 0.7288611111111111 0.028083333333333335 0.04262037037037037
12 0.530203125 0.6716203703703704 0.10275 0.013398148148148149
12 0.5421875 0.6594444444444445 0.07055729166666666 0.013398148148148149
6 0.48978645833333334 0.7787870370370371 0.09316145833333334 0.1814537037037037
11 0.555546875 0.8177592592592592 0.030140624999999997 0.0645462962962963
7 0.7240520833333334 0.7325648148148147 0.0491875 0.1555648148148148
7 0.7660885416666667 0.7381574074074074 0.07720833333333334 0.13014814814814815
7 0.7563645833333333 0.8200092592592593 0.07949479166666666 0.1087962962962963
7 0.8295729166666667 0.6990185185185186 0.042895833333333334 0.1087962962962963
0 0.8115572916666667 0.80425 0.034317708333333335 0.10574074074074075
12 0.4895833333333333 0.6747685185185185 0.0390625 0.22453703703703703
9 0.611328125 0.19791666666666666 0.07682291666666667 0.0625
1 0.6217447916666666 0.21180555555555555 0.09765625 0.1550925925925926
2 0.6048177083333334 0.25578703703703703 0.14973958333333334 0.24305555555555555
2 0.6015625 0.4097222222222222 0.08333333333333333 0.14351851851851852