2 0.5015625 0.7240740740740741 0.128125 0.1962962962962963
2 0.4119791666666667 0.6805555555555556 0.08854166666666667 0.19814814814814816
2 0.5661458333333333 0.687037037037037 0.09895833333333333 0.15555555555555556
12 0.5895833333333333 0.6824074074074075 0.029166666666666667 0.17962962962962964
11 0.5510416666666667 0.8074074074074075 0.05625 0.09259259259259259
13 0.3078125 0.4027777777777778 0.023958333333333335 0.05
6 0.375 0.37592592592592594 0.07708333333333334 0.10740740740740741
7 0.8297395833333333 0.7917592592592593 0.05051041666666667 0.17083333333333334
7 0.7204010416666667 0.7249537037037037 0.04866145833333334 0.16864814814814813
7 0.7570520833333333 0.821324074074074 0.049281250000000006 0.1248425925925926
3 0.328125 0.2712962962962963 0.13333333333333333 0.21666666666666667
3 0.30520833333333336 0.32407407407407407 0.04375 0.07777777777777778