6 0.3756510416666667 0.3715277777777778 0.07682291666666667 0.09490740740740741
2 0.501953125 0.7233796296296297 0.12890625 0.2013888888888889
2 0.4134114583333333 0.6805555555555556 0.08984375 0.2037037037037037
2 0.56640625 0.6840277777777778 0.09895833333333333 0.1550925925925926
12 0.58984375 0.6851851851851852 0.028645833333333332 0.18055555555555555
6 0.45703125 0.6053240740740741 0.18229166666666666 0.16898148148148148
7 0.8313802083333334 0.7928240740740741 0.055989583333333336 0.18287037037037038
7 0.720703125 0.7256944444444444 0.045572916666666664 0.1736111111111111
7 0.755859375 0.8275462962962963 0.048177083333333336 0.11805555555555555
7 0.7532552083333334 0.6828703703703703 0.05859375 0.10648148148148148
8 0.7884114583333334 0.6851851851851852 0.06380208333333333 0.0787037037037037
8 0.8229166666666666 0.7210648148148148 0.059895833333333336 0.12268518518518519
12 0.796875 0.7546296296296297 0.036458333333333336 0.046296296296296294
11 0.2571614583333333 0.44907407407407407 0.05078125 0.12037037037037036
3 0.3072916666666667 0.33101851851851855 0.057291666666666664 0.09259259259259259
3 0.2814375 0.48313888888888884 0.07068229166666667 0.10780555555555556
13 0.2975260416666667 0.48842592592592593 0.029947916666666668 0.041666666666666664
11 0.3359375 0.3854166666666667 0.057291666666666664 0.07175925925925926
14 0.953125 0.16666666666666666 0.09375 0.125