2 0.42602083333333335 0.8216574074074074 0.08421354166666667 0.14677777777777778
3 0.4651510416666667 0.5758703703703704 0.07969270833333333 0.12373148148148148
7 0.7575677083333333 0.8219537037037037 0.09027604166666667 0.11711111111111111
7 0.72096875 0.7359259259259259 0.054489583333333334 0.18217592592592594
12 0.85109375 0.8046018518518518 0.054489583333333334 0.1575925925925926
7 0.8275104166666666 0.7858055555555555 0.041479166666666664 0.1547037037037037
6 0.237171875 0.7870370370370371 0.090296875 0.08943518518518519
12 0.7565104166666666 0.7141203703703703 0.03125 0.15046296296296297
12 0.755859375 0.6736111111111112 0.09505208333333333 0.06944444444444445
2 0.41706770833333334 0.6679814814814814 0.07734375 0.18316666666666667
2 0.4875833333333333 0.7306296296296296 0.09886979166666668 0.18783333333333335
6 0.25905729166666663 0.6714537037037037 0.075921875 0.18053703703703702
8 0.6048177083333334 0.6168981481481481 0.06901041666666667 0.12731481481481483
3 0.58446875 0.7218333333333333 0.08822916666666666 0.1154537037037037
13 0.5988020833333334 0.7278148148148148 0.0398125 0.054935185185185184
6 0.3009895833333333 0.8108240740740741 0.046947916666666666 0.18487962962962962
2 0.567828125 0.6939814814814815 0.10603645833333333 0.16898148148148148
11 0.5406302083333333 0.8097222222222222 0.08241145833333333 0.11721296296296296