2 0.3143229166666667 0.36342592592592593 0.109375 0.21296296296296297
2 0.41495312500000003 0.6828055555555556 0.0905625 0.2063796296296296
3 0.40013020833333335 0.8284351851851852 0.029640624999999997 0.04390740740740741
12 0.410421875 0.7720833333333333 0.020583333333333335 0.1449074074074074
12 0.4906979166666667 0.6718240740740741 0.04610416666666666 0.24589814814814814
12 0.5847760416666666 0.7305833333333334 0.02020833333333333 0.07569444444444444
3 0.5178645833333333 0.8350277777777778 0.029640624999999997 0.05123148148148148
3 0.5545000000000001 0.7237870370370371 0.08644791666666667 0.14197222222222222
9 0.5705572916666667 0.7428148148148148 0.04116666666666667 0.033666666666666664
13 0.5442083333333334 0.7332962962962963 0.01646875 0.04976851851851852
13 0.46311458333333333 0.7559814814814815 0.023875 0.06000925925925926
11 0.5549114583333333 0.8225833333333333 0.024697916666666667 0.06733333333333333
7 0.7236927083333333 0.726712962962963 0.049401041666666666 0.16539814814814816
7 0.7607447916666668 0.810138888888889 0.08397916666666667 0.13319444444444445
0 0.8093177083333334 0.8013611111111112 0.03293229166666666 0.11562962962962962
7 0.8344270833333333 0.6915833333333333 0.032109375 0.09221296296296297
8 0.8187083333333334 0.7139814814814816 0.053578125000000004 0.10898148148148148
13 0.8270833333333333 0.6971203703703703 0.0449375 0.06691666666666667
12 0.7994322916666667 0.7483333333333334 0.02880729166666667 0.03960185185185185
3 0.25390625 0.4212962962962963 0.0625 0.12037037037037036
9 0.248046875 0.4270833333333333 0.032552083333333336 0.08101851851851852
3 0.3040260416666667 0.3080648148148148 0.04911458333333333 0.09469444444444444
6 0.3723854166666667 0.35910185185185184 0.07969791666666667 0.14494444444444443
2 0.572390625 0.6015555555555555 0.11458333333333333 0.19907407407407407
2 0.7584635416666666 0.2974537037037037 0.11588541666666667 0.19675925925925927
7 0.8022604166666666 0.8377685185185185 0.08965624999999999 0.0841574074074074
7 0.7545625 0.6783703703703704 0.058817708333333336 0.10965740740740741