7 0.7539895833333333 0.8226388888888889 0.08781770833333334 0.09698148148148147
12 0.8423958333333333 0.8324444444444444 0.03708854166666666 0.10191666666666666
7 0.8210468750000001 0.7301296296296296 0.11107291666666666 0.1140462962962963
2 0.2680520833333333 0.8301851851851852 0.08628125 0.15419444444444444
7 0.7324739583333333 0.6856481481481481 0.051723958333333334 0.16514814814814816
2 0.40775 0.8225833333333333 0.11929687500000001 0.17674074074074073
7 0.769671875 0.7432129629629629 0.07241666666666666 0.12203703703703704
8 0.5983750000000001 0.6073518518518519 0.06747916666666667 0.1405
2 0.57759375 0.7455185185185185 0.079875 0.23580555555555555
12 0.43866666666666665 0.731648148148148 0.019463541666666664 0.024722222222222222
2 0.18489583333333334 0.8055555555555556 0.1015625 0.16203703703703703
2 0.19921875 0.5949074074074074 0.1015625 0.18055555555555555
3 0.5377760416666667 0.7849074074074075 0.08203125 0.1527777777777778
13 0.48809375 0.6897222222222222 0.05743229166666666 0.09025925925925926
3 0.52671875 0.6307222222222222 0.07093229166666666 0.14058333333333334
11 0.475515625 0.6136481481481482 0.10827083333333333 0.13728703703703704
2 0.5608541666666667 0.6454907407407408 0.053765625000000004 0.17688888888888887
11 0.5460260416666666 0.7789814814814814 0.020395833333333332 0.11206481481481481
6 0.142578125 0.6464814814814815 0.045572916666666664 0.1818611111111111
8 0.408203125 0.6663703703703703 0.0500625 0.09778703703703703
2 0.46166145833333333 0.6388981481481482 0.07786979166666666 0.2010648148148148
3 0.48175 0.8246296296296296 0.08837500000000001 0.17680555555555555
8 0.24379166666666666 0.7897222222222222 0.107171875 0.1248611111111111
12 0.23218229166666668 0.7807962962962963 0.10172916666666666 0.07858333333333334
6 0.3053385416666667 0.5974351851851852 0.09977083333333334 0.24429629629629626
6 0.24179166666666668 0.6894814814814815 0.10972395833333333 0.14358333333333334
11 0.25423958333333335 0.6791018518518518 0.06146354166666667 0.12462037037037037
11 0.18769270833333335 0.6068518518518519 0.06451041666666667 0.0577962962962963
11 0.15137499999999998 0.6953518518518519 0.013208333333333332 0.19144444444444444