2 0.308703125 0.3611111111111111 0.09300520833333333 0.2074074074074074
13 0.309765625 0.40046296296296297 0.023697916666666666 0.05092592592592592
6 0.3756510416666667 0.3715277777777778 0.07682291666666667 0.09490740740740741
2 0.501953125 0.7233796296296297 0.12890625 0.2013888888888889
2 0.4134114583333333 0.6805555555555556 0.08984375 0.2037037037037037
2 0.56640625 0.6840277777777778 0.09895833333333333 0.1550925925925926
12 0.58984375 0.6851851851851852 0.028645833333333332 0.18055555555555555
6 0.45703125 0.6053240740740741 0.18229166666666666 0.16898148148148148
7 0.8313802083333334 0.7928240740740741 0.055989583333333336 0.18287037037037038
7 0.720703125 0.7256944444444444 0.045572916666666664 0.1736111111111111
7 0.755859375 0.8275462962962963 0.048177083333333336 0.11805555555555555
7 0.7532552083333334 0.6828703703703703 0.05859375 0.10648148148148148
8 0.7884114583333334 0.6851851851851852 0.06380208333333333 0.0787037037037037
8 0.8229166666666666 0.7210648148148148 0.059895833333333336 0.12268518518518519
12 0.796875 0.7546296296296297 0.036458333333333336 0.046296296296296294
3 0.3860677083333333 0.1111111111111111 0.11588541666666667 0.14351851851851852
11 0.3548177083333333 0.06944444444444445 0.04296875 0.1388888888888889
3 0.302625 0.30842592592592594 0.05961458333333333 0.07804629629629631