2 0.42602083333333335 0.8216574074074074 0.08421354166666667 0.14677777777777778
1 0.40546354166666665 0.6779907407407407 0.05868229166666667 0.11848148148148148
7 0.7549843749999999 0.8328055555555555 0.08980729166666666 0.11376851851851852
12 0.85109375 0.8046018518518518 0.054489583333333334 0.1575925925925926
7 0.8275104166666666 0.7858055555555555 0.041479166666666664 0.1547037037037037
12 0.7565104166666666 0.7237314814814815 0.03125 0.15046296296296297
12 0.7499895833333333 0.66025 0.09364062499999999 0.06610185185185186
8 0.6048177083333334 0.6168981481481481 0.06901041666666667 0.12731481481481483
2 0.48640625 0.8490185185185186 0.08684375000000001 0.09226851851851853
6 0.2948177083333333 0.8394537037037038 0.06805208333333333 0.14956481481481482
11 0.4928854166666667 0.8181759259259259 0.10614583333333334 0.06616666666666667
11 0.5502135416666667 0.8415092592592593 0.020604166666666666 0.06198148148148148
12 0.573984375 0.6541388888888889 0.06709375 0.10800925925925926
11 0.5094270833333333 0.828 0.03697916666666667 0.09337962962962962
12 0.41922916666666665 0.6654907407407408 0.04019791666666667 0.09253703703703703
1 0.5062656249999999 0.7181759259259259 0.07042187500000001 0.15875
11 0.4895833333333333 0.5703055555555555 0.05866145833333333 0.030898148148148147
3 0.5636510416666667 0.7133333333333333 0.06838020833333333 0.15195370370370373
12 0.5626770833333333 0.7029074074074074 0.041026041666666666 0.1015925925925926
9 0.5700000000000001 0.7263518518518519 0.045911458333333335 0.04081481481481481
12 0.5539322916666667 0.6865925925925925 0.04400520833333333 0.12421296296296297
7 0.7218489583333334 0.7438981481481481 0.051723958333333334 0.13175925925925927
2 0.2399895833333333 0.7084351851851852 0.1625 0.27802777777777776
2 0.3391927083333333 0.44907407407407407 0.24609375 0.46296296296296297
2 0.5813802083333334 0.5393518518518519 0.16276041666666666 0.3425925925925926
7 0.5657552083333334 0.4409722222222222 0.07421875 0.15046296296296297