6 0.3756510416666667 0.3715277777777778 0.07682291666666667 0.09490740740740741
2 0.56640625 0.6840277777777778 0.09895833333333333 0.1550925925925926
12 0.58984375 0.6851851851851852 0.028645833333333332 0.18055555555555555
7 0.8313802083333334 0.7928240740740741 0.055989583333333336 0.18287037037037038
7 0.720703125 0.7256944444444444 0.045572916666666664 0.1736111111111111
7 0.7493489583333334 0.8275462962962963 0.055989583333333336 0.11342592592592593
8 0.8229166666666666 0.7210648148148148 0.059895833333333336 0.12268518518518519
12 0.796875 0.7546296296296297 0.036458333333333336 0.046296296296296294
11 0.2571614583333333 0.44907407407407407 0.05078125 0.12037037037037036
3 0.3072916666666667 0.33101851851851855 0.057291666666666664 0.09259259259259259
3 0.2819010416666667 0.4826388888888889 0.07161458333333333 0.1087962962962963
13 0.2975260416666667 0.48842592592592593 0.029947916666666668 0.041666666666666664
11 0.3359375 0.3854166666666667 0.057291666666666664 0.07175925925925926
7 0.771484375 0.7106481481481481 0.09765625 0.09722222222222222
6 0.4524739583333333 0.6087962962962963 0.19140625 0.1527777777777778
2 0.498046875 0.7453703703703703 0.11588541666666667 0.17592592592592593
2 0.427734375 0.8252314814814815 0.09505208333333333 0.1597222222222222
11 0.5455729166666666 0.8055555555555556 0.06770833333333333 0.10648148148148148