2 0.42602083333333335 0.8216574074074074 0.08421354166666667 0.14677777777777778
3 0.4651510416666667 0.5758703703703704 0.07969270833333333 0.12373148148148148
7 0.7575677083333333 0.8219537037037037 0.09027604166666667 0.11711111111111111
7 0.72096875 0.7359259259259259 0.054489583333333334 0.18217592592592594
12 0.85109375 0.8046018518518518 0.054489583333333334 0.1575925925925926
7 0.8275104166666666 0.7858055555555555 0.041479166666666664 0.1547037037037037
2 0.2072760416666667 0.778037037037037 0.11872395833333332 0.16889814814814816
12 0.7565104166666666 0.7141203703703703 0.03125 0.15046296296296297
12 0.755859375 0.6736111111111112 0.09505208333333333 0.06944444444444445
2 0.42448437499999997 0.6811666666666666 0.07734375 0.18316666666666667
8 0.6048177083333334 0.6168981481481481 0.06901041666666667 0.12731481481481483
2 0.5395572916666667 0.6940092592592593 0.11691666666666665 0.1952685185185185
11 0.5140572916666667 0.7844537037037037 0.08735416666666666 0.13039814814814815
2 0.48640625 0.8109074074074074 0.08684375000000001 0.16849074074074075
6 0.2942239583333333 0.8107685185185185 0.06805208333333333 0.19214814814814815
2 0.26648958333333334 0.6653888888888889 0.07891666666666668 0.1413148148148148
3 0.5380989583333334 0.7241944444444445 0.07071875 0.12783333333333333
12 0.5826666666666667 0.7215555555555555 0.023177083333333334 0.11621296296296296
13 0.5440416666666666 0.7278981481481481 0.042192708333333336 0.06761111111111111