2 0.5611614583333334 0.8559259259259259 0.10084895833333334 0.12145370370370369
2 0.41591666666666666 0.8153148148148148 0.08421354166666667 0.14677777777777778
3 0.4651510416666667 0.5758703703703704 0.07969270833333333 0.12373148148148148
7 0.7575677083333333 0.8219537037037037 0.09027604166666667 0.11711111111111111
7 0.72096875 0.7359259259259259 0.054489583333333334 0.18217592592592594
12 0.85109375 0.8046018518518518 0.054489583333333334 0.1575925925925926
7 0.8275104166666666 0.7858055555555555 0.041479166666666664 0.1547037037037037
6 0.23120833333333335 0.8281111111111111 0.120109375 0.08943518518518519
12 0.7565104166666666 0.7141203703703703 0.03125 0.15046296296296297
12 0.755859375 0.6736111111111112 0.09505208333333333 0.06944444444444445
2 0.41706770833333334 0.6679814814814814 0.07734375 0.18316666666666667
2 0.46856770833333333 0.803962962962963 0.08022395833333333 0.1415648148148148
2 0.47659375 0.6930277777777778 0.0725 0.12043518518518517
2 0.21323958333333334 0.7228148148148148 0.06771875000000001 0.11725
6 0.2750208333333333 0.7638888888888888 0.07983854166666667 0.11021296296296297
8 0.6048177083333334 0.6168981481481481 0.06901041666666667 0.12731481481481483
3 0.5847447916666667 0.72525 0.08438541666666667 0.13205555555555556
13 0.5999010416666667 0.7268425925925927 0.0398125 0.054935185185185184