2 0.42602083333333335 0.8216574074074074 0.08421354166666667 0.14677777777777778
1 0.4023645833333333 0.6741944444444444 0.055703125 0.1401851851851852
7 0.7575677083333333 0.8219537037037037 0.09027604166666667 0.11711111111111111
7 0.72096875 0.7359259259259259 0.054489583333333334 0.18217592592592594
12 0.85109375 0.8046018518518518 0.054489583333333334 0.1575925925925926
7 0.8275104166666666 0.7858055555555555 0.041479166666666664 0.1547037037037037
2 0.27609895833333337 0.7242777777777778 0.0700625 0.1503611111111111
12 0.7565104166666666 0.7141203703703703 0.03125 0.15046296296296297
12 0.755859375 0.6736111111111112 0.09505208333333333 0.06944444444444445
8 0.6048177083333334 0.6168981481481481 0.06901041666666667 0.12731481481481483
11 0.5140572916666667 0.7844537037037037 0.08735416666666666 0.13039814814814815
2 0.48640625 0.8109074074074074 0.08684375000000001 0.16849074074074075
6 0.2942239583333333 0.8107685185185185 0.06805208333333333 0.19214814814814815
2 0.18897395833333333 0.6789814814814814 0.10325000000000001 0.19322222222222224
3 0.5380989583333334 0.7241944444444445 0.07071875 0.12783333333333333
12 0.5826666666666667 0.7215555555555555 0.023177083333333334 0.11621296296296296
13 0.5440416666666666 0.7278981481481481 0.042192708333333336 0.06761111111111111
3 0.23045833333333335 0.7483333333333334 0.08411979166666667 0.1174074074074074
13 0.21411979166666667 0.7365925925925926 0.03615104166666667 0.07168518518518519
11 0.49441666666666667 0.5565 0.09764583333333333 0.02087962962962963
2 0.46536979166666664 0.6465925925925926 0.11001041666666667 0.16150925925925927