11 0.43545312500000005 0.5788055555555556 0.10949479166666666 0.09547222222222222
11 0.4719166666666667 0.7745462962962962 0.12438541666666666 0.09024074074074073
11 0.47749479166666664 0.7441018518518518 0.05071875 0.18486111111111111
6 0.4072760416666667 0.7108611111111112 0.10249479166666667 0.16469444444444445
11 0.40531770833333336 0.6535277777777777 0.10279166666666667 0.0782962962962963
11 0.47823958333333333 0.6072407407407407 0.11917708333333334 0.049185185185185186
11 0.5225052083333334 0.5715370370370371 0.06609895833333333 0.11530555555555555
11 0.48902604166666663 0.5219351851851852 0.057421875 0.008166666666666668
9 0.536078125 0.6563425925925926 0.05406770833333333 0.14475925925925925
11 0.5332135416666667 0.6261666666666666 0.030973958333333333 0.1113611111111111
9 0.5632135416666666 0.7564166666666666 0.06805208333333333 0.14866666666666667
9 0.45772395833333335 0.7660740740740741 0.08853645833333333 0.03707407407407407
9 0.47458333333333336 0.5607962962962962 0.040109375 0.11227777777777778
9 0.41294270833333335 0.6443981481481482 0.06577083333333333 0.059305555555555556
10 0.38256249999999997 0.5507037037037037 0.06077604166666666 0.13775
10 0.5681197916666666 0.6234259259259259 0.05786458333333333 0.14376851851851852
0 0.5465833333333333 0.7719166666666666 0.09005208333333334 0.08069444444444444
4 0.38131770833333334 0.7419074074074073 0.041958333333333334 0.11251851851851852
4 0.17058333333333334 0.6988425925925926 0.033963541666666666 0.08383333333333334
6 0.194140625 0.587675925925926 0.08103125000000001 0.1336574074074074
8 0.10705208333333333 0.772361111111111 0.06901041666666667 0.08414814814814814
0 0.21041145833333333 0.7322314814814814 0.021067708333333334 0.05175
7 0.8824166666666666 0.6337870370370371 0.06434895833333333 0.21503703703703705
8 0.7981041666666666 0.7258333333333333 0.099734375 0.20272222222222222
9 0.75184375 0.6205833333333334 0.077953125 0.06276851851851853
0 0.7617916666666668 0.8102870370370371 0.0706875 0.07984259259259259
0 0.7439583333333334 0.7196481481481481 0.03825 0.08037037037037037
0 0.7262708333333333 0.6609907407407407 0.033192708333333334 0.05489814814814815
0 0.734640625 0.5868981481481482 0.03351041666666667 0.12226851851851853
0 0.7021197916666666 0.6113333333333334 0.0455 0.10839814814814815
0 0.7120625 0.7794074074074074 0.036911458333333334 0.06497222222222222
10 0.480515625 0.6880648148148149 0.019364583333333334 0.09293518518518519
10 0.46300520833333336 0.7766018518518518 0.03264583333333333 0.0951111111111111