10 0.11873958333333333 0.6476296296296297 0.0875625 0.16175
8 0.12574479166666666 0.6246481481481482 0.048625 0.10582407407407408
8 0.107515625 0.7741296296296296 0.06756770833333332 0.09037037037037036
3 0.17760937499999999 0.6011018518518519 0.055802083333333335 0.1250462962962963
6 0.20782812499999997 0.5814444444444444 0.05331770833333334 0.1311388888888889
6 0.207671875 0.7121018518518519 0.05113541666666667 0.13110185185185186
4 0.16966666666666666 0.7065833333333333 0.0330625 0.08370370370370371
13 0.14599479166666668 0.6849907407407407 0.044890624999999997 0.07262962962962963
7 0.8824635416666666 0.6324074074074074 0.06565625 0.2077037037037037
8 0.796796875 0.7240277777777778 0.09869270833333334 0.2016388888888889
9 0.7507083333333333 0.6227037037037036 0.07822916666666666 0.06430555555555556
7 0.8089583333333333 0.54575 0.12122395833333334 0.05763888888888889
7 0.836515625 0.6337870370370371 0.06597916666666667 0.20714814814814814
0 0.7343489583333334 0.5878333333333333 0.03368229166666667 0.11744444444444445
0 0.7259427083333333 0.6639537037037038 0.036171875 0.06265740740740741
0 0.7030937500000001 0.6113796296296296 0.04525 0.1101388888888889
0 0.74378125 0.7204907407407407 0.038953125000000005 0.07787962962962963
0 0.7621718749999999 0.8066481481481481 0.06858333333333334 0.08791666666666667
0 0.7108802083333334 0.7818240740740741 0.038171875 0.06867592592592593
10 0.38314583333333335 0.5543518518518519 0.06364062499999999 0.14962037037037038
10 0.5278437500000001 0.5854722222222222 0.01933333333333333 0.08437037037037037
10 0.5667447916666667 0.6204259259259258 0.064984375 0.1449351851851852
10 0.49019270833333334 0.7286388888888888 0.053203125000000004 0.07308333333333333
9 0.4579739583333333 0.770824074074074 0.09003125000000001 0.03805555555555556
10 0.46311979166666667 0.768425925925926 0.052875 0.07148148148148148
6 0.410078125 0.7158981481481481 0.10255208333333334 0.14471296296296296
4 0.3807552083333333 0.7409722222222223 0.04301041666666667 0.11685185185185186
0 0.548390625 0.7712129629629629 0.09183854166666668 0.08819444444444445
9 0.5620416666666667 0.7584722222222222 0.066328125 0.14708333333333332
11 0.43581770833333333 0.5802222222222222 0.10747916666666667 0.08825000000000001
9 0.47386458333333337 0.557138888888889 0.04392708333333333 0.10576851851851853
11 0.40493229166666667 0.6526388888888889 0.09583854166666667 0.0723148148148148
9 0.41276562499999997 0.6458796296296296 0.07121875000000001 0.05560185185185185
11 0.5212864583333333 0.57925 0.07096875 0.11772222222222223
11 0.4980260416666667 0.5249166666666666 0.07603125 0.01425925925925926
11 0.46814062500000003 0.5741203703703703 0.10855729166666667 0.01927777777777778
11 0.46580208333333334 0.6601851851851852 0.0224375 0.21635185185185185
11 0.480125 0.74375 0.047385416666666666 0.1876759259259259
9 0.5552499999999999 0.6021944444444445 0.040791666666666664 0.07780555555555556
5 0.6977552083333334 0.06922222222222223 0.1489791666666667 0.13844444444444445
11 0.5154427083333333 0.7457314814814815 0.07305208333333332 0.08965740740740741
0 0.5001822916666667 0.6405555555555555 0.0556875 0.09895370370370371