10 0.11873958333333333 0.6476296296296297 0.0875625 0.16175
8 0.12574479166666666 0.6246481481481482 0.048625 0.10582407407407408
8 0.107515625 0.7741296296296296 0.06756770833333332 0.09037037037037036
3 0.17760937499999999 0.6011018518518519 0.055802083333333335 0.1250462962962963
6 0.20782812499999997 0.5814444444444444 0.05331770833333334 0.1311388888888889
6 0.207671875 0.7121018518518519 0.05113541666666667 0.13110185185185186
4 0.16966666666666666 0.7065833333333333 0.0330625 0.08370370370370371
13 0.14599479166666668 0.6849907407407407 0.044890624999999997 0.07262962962962963
10 0.382859375 0.5518240740740741 0.06139583333333333 0.1472037037037037
10 0.5702239583333333 0.6215833333333333 0.05676041666666667 0.14164814814814813
0 0.5495052083333333 0.7688518518518519 0.09120312500000001 0.08291666666666667
4 0.38145833333333334 0.73925 0.043015625 0.12025925925925926
6 0.4094947916666667 0.6747314814814815 0.11155208333333334 0.18038888888888888
11 0.5057395833333334 0.6999259259259258 0.064734375 0.09456481481481481
10 0.51415625 0.7134907407407408 0.08416145833333334 0.045287037037037035
11 0.4797291666666667 0.8314166666666666 0.08872395833333332 0.01313888888888889
13 0.47848958333333336 0.81675 0.04583854166666667 0.03141666666666667
9 0.5608802083333334 0.7589074074074074 0.06859895833333333 0.14517592592592593
11 0.476625 0.7705277777777777 0.12682812499999999 0.07985185185185184
9 0.4590208333333334 0.7674814814814814 0.08975520833333334 0.03943518518518519
9 0.5414114583333334 0.6531666666666667 0.052708333333333336 0.15732407407407406
9 0.410734375 0.6462314814814815 0.06911458333333333 0.05803703703703704
11 0.5169583333333333 0.5623518518518519 0.07606249999999999 0.12837962962962962
9 0.5152447916666667 0.5584814814814815 0.05768229166666667 0.028722222222222222
11 0.47708854166666664 0.666175925925926 0.05611979166666667 0.19441666666666665
9 0.469921875 0.6171574074074074 0.016770833333333336 0.1604722222222222
11 0.4397083333333333 0.5739907407407407 0.1096875 0.082
11 0.477546875 0.5307962962962963 0.11614062500000001 0.018768518518518518
11 0.476625 0.6113518518518518 0.11935416666666666 0.028314814814814813
11 0.4831614583333333 0.6437222222222222 0.009708333333333334 0.21582407407407408
11 0.5253645833333334 0.6531388888888888 0.044796875 0.19257407407407406
7 0.8824635416666666 0.6324074074074074 0.06565625 0.2077037037037037
8 0.796796875 0.7240277777777778 0.09869270833333334 0.2016388888888889
9 0.7507083333333333 0.6227037037037036 0.07822916666666666 0.06430555555555556
7 0.8089583333333333 0.54575 0.12122395833333334 0.05763888888888889
7 0.836515625 0.6337870370370371 0.06597916666666667 0.20714814814814814
0 0.7343489583333334 0.5878333333333333 0.03368229166666667 0.11744444444444445
0 0.7259427083333333 0.6639537037037038 0.036171875 0.06265740740740741
0 0.7030937500000001 0.6113796296296296 0.04525 0.1101388888888889
0 0.74378125 0.7204907407407407 0.038953125000000005 0.07787962962962963
0 0.7621718749999999 0.8066481481481481 0.06858333333333334 0.08791666666666667
0 0.7108802083333334 0.7818240740740741 0.038171875 0.06867592592592593