3 0.5120989583333333 0.6945370370370371 0.085703125 0.1920462962962963
10 0.4425208333333333 0.7698981481481482 0.06708333333333334 0.13326851851851854
6 0.5496770833333334 0.6568055555555555 0.08347395833333333 0.2959814814814815
12 0.38707812500000005 0.7302407407407407 0.02763541666666667 0.12593518518518518
6 0.443578125 0.6798518518518518 0.093296875 0.23514814814814816
3 0.45144791666666667 0.6541851851851852 0.031364583333333335 0.05527777777777778
6 0.5046614583333333 0.5459537037037037 0.09461979166666666 0.11601851851851852
3 0.18542708333333333 0.6026203703703704 0.07521354166666666 0.13779629629629628
8 0.10728645833333333 0.7752037037037037 0.06916145833333333 0.08891666666666667
7 0.8885520833333334 0.6577407407407407 0.070109375 0.2622222222222222
7 0.832828125 0.761712962962963 0.130296875 0.17972222222222223
7 0.7849114583333333 0.7732685185185185 0.122875 0.1526574074074074
7 0.7806510416666667 0.5458148148148149 0.13974479166666667 0.056861111111111105
7 0.7440625 0.60325 0.12747916666666667 0.058
7 0.8018125 0.6250277777777777 0.12844791666666666 0.09628703703703703