3 0.510609375 0.6985 0.085703125 0.18411111111111111
10 0.4425208333333333 0.7778333333333333 0.06708333333333334 0.12268518518518519
6 0.55265625 0.6568055555555555 0.08347395833333333 0.30126851851851855
6 0.4565989583333333 0.6659722222222222 0.18185416666666668 0.2047314814814815
3 0.18542708333333333 0.6026203703703704 0.07521354166666666 0.13779629629629628
8 0.10728645833333333 0.7752037037037037 0.06916145833333333 0.08891666666666667
7 0.8848333333333334 0.6299722222222223 0.06266666666666666 0.2066851851851852
7 0.832828125 0.761712962962963 0.130296875 0.17972222222222223
7 0.786296875 0.7752129629629629 0.12631770833333333 0.15239814814814814
0 0.71375 0.6034444444444444 0.04969791666666667 0.13845370370370372
0 0.7751354166666666 0.7334351851851852 0.043359375 0.11628703703703704
7 0.8008072916666666 0.5464074074074075 0.104734375 0.06239814814814815
10 0.11957291666666667 0.6462592592592593 0.09380208333333333 0.1589722222222222