10 0.4425208333333333 0.7778333333333333 0.06708333333333334 0.12268518518518519
6 0.4528802083333333 0.6653148148148148 0.189296875 0.20605555555555555
3 0.18542708333333333 0.6026203703703704 0.07521354166666666 0.13779629629629628
8 0.10728645833333333 0.7752037037037037 0.06916145833333333 0.08891666666666667
7 0.8848333333333334 0.6299722222222223 0.06266666666666666 0.2066851851851852
7 0.83059375 0.761712962962963 0.130296875 0.17972222222222223
7 0.782203125 0.776537037037037 0.116640625 0.15239814814814814
0 0.71375 0.6034444444444444 0.04969791666666667 0.13845370370370372
0 0.7144895833333333 0.7849999999999999 0.04261458333333333 0.06339814814814815
7 0.802296875 0.6359444444444445 0.11366145833333333 0.11668518518518518
7 0.8049010416666668 0.5477314814814814 0.11589583333333334 0.06769444444444445
10 0.112875 0.6303981481481482 0.07296354166666667 0.13516666666666666
0 0.49046875 0.6206203703703703 0.078359375 0.11995370370370372
7 0.8372708333333333 0.629074074074074 0.06156770833333333 0.22244444444444444
0 0.50578125 0.8015277777777777 0.04178125 0.06471296296296296
0 0.209625 0.7175833333333334 0.046171875 0.13211111111111112
4 0.16942708333333334 0.7057685185185185 0.03428645833333333 0.0796388888888889
10 0.5664114583333333 0.6337592592592592 0.06190104166666666 0.1688148148148148
4 0.481203125 0.7090000000000001 0.06264062499999999 0.16092592592592594
10 0.375921875 0.560787037037037 0.06911979166666667 0.15563888888888888
0 0.7327291666666667 0.599824074074074 0.03853645833333333 0.13052777777777777