10 0.4425208333333333 0.7778333333333333 0.06708333333333334 0.12268518518518519
6 0.4528802083333333 0.6653148148148148 0.189296875 0.20605555555555555
3 0.18542708333333333 0.6026203703703704 0.07521354166666666 0.13779629629629628
8 0.10728645833333333 0.7752037037037037 0.06916145833333333 0.08891666666666667
7 0.8848333333333334 0.6299722222222223 0.06266666666666666 0.2066851851851852
7 0.83059375 0.761712962962963 0.130296875 0.17972222222222223
0 0.7066822916666666 0.6041018518518518 0.051932291666666665 0.13712962962962963
0 0.7144895833333333 0.7849999999999999 0.04261458333333333 0.06339814814814815
7 0.79559375 0.6412407407407407 0.11366145833333333 0.08757407407407407
10 0.112875 0.6303981481481482 0.07296354166666667 0.13516666666666666
0 0.49046875 0.6206203703703703 0.078359375 0.11995370370370372
7 0.8372708333333333 0.629074074074074 0.06156770833333333 0.22244444444444444
0 0.50578125 0.8015277777777777 0.04178125 0.06471296296296296
0 0.209625 0.7175833333333334 0.046171875 0.13211111111111112
4 0.16942708333333334 0.7057685185185185 0.03428645833333333 0.0796388888888889
10 0.5664114583333333 0.6337592592592592 0.06190104166666666 0.1688148148148148
4 0.481203125 0.7090000000000001 0.06264062499999999 0.16092592592592594
10 0.375921875 0.560787037037037 0.06911979166666667 0.15563888888888888
0 0.704453125 0.6117407407407407 0.052270833333333336 0.1014074074074074
7 0.805640625 0.5472870370370371 0.124828125 0.060620370370370366
7 0.7848072916666666 0.7715277777777778 0.10398958333333333 0.1491851851851852
0 0.763625 0.8068703703703703 0.067859375 0.08987037037037038
0 0.7371927083333334 0.5876574074074074 0.043333333333333335 0.12063888888888888
10 0.5823958333333333 0.6019537037037037 0.06417708333333333 0.07268518518518519