3 0.510609375 0.702462962962963 0.085703125 0.1920462962962963
10 0.4425208333333333 0.7778333333333333 0.06708333333333334 0.12268518518518519
6 0.55265625 0.6568055555555555 0.08347395833333333 0.30126851851851855
6 0.4565989583333333 0.6659722222222222 0.18185416666666668 0.2047314814814815
3 0.18542708333333333 0.6026203703703704 0.07521354166666666 0.13779629629629628
8 0.10728645833333333 0.7752037037037037 0.06916145833333333 0.08891666666666667
7 0.8848333333333334 0.6299722222222223 0.06266666666666666 0.2066851851851852
7 0.832828125 0.761712962962963 0.130296875 0.17972222222222223
7 0.79596875 0.6277222222222223 0.12780208333333334 0.10554629629629629
7 0.8081875000000001 0.5431666666666667 0.12039583333333333 0.056861111111111105
7 0.7889010416666667 0.7771944444444444 0.121109375 0.1484351851851852
0 0.743890625 0.5717037037037037 0.06532291666666666 0.11199999999999999