3 0.5128437499999999 0.693212962962963 0.085703125 0.1920462962962963
10 0.4425208333333333 0.7698981481481482 0.06708333333333334 0.13326851851851854
6 0.55265625 0.6713518518518518 0.08347395833333333 0.27217592592592593
6 0.4610677083333333 0.6296018518518519 0.1505989583333333 0.21134259259259258
3 0.18542708333333333 0.6026203703703704 0.07521354166666666 0.13779629629629628
8 0.10728645833333333 0.7752037037037037 0.06916145833333333 0.08891666666666667
7 0.8885520833333334 0.6577407407407407 0.070109375 0.2622222222222222
7 0.832828125 0.761712962962963 0.130296875 0.17972222222222223
7 0.7849114583333333 0.7732685185185185 0.122875 0.1526574074074074
7 0.7806510416666667 0.5458148148148149 0.13974479166666667 0.056861111111111105
7 0.7440625 0.60325 0.12747916666666667 0.058
7 0.8018125 0.6250277777777777 0.12844791666666666 0.09628703703703703