3 0.510609375 0.6985 0.085703125 0.18411111111111111
10 0.4425208333333333 0.7778333333333333 0.06708333333333334 0.12268518518518519
6 0.55265625 0.6568055555555555 0.08347395833333333 0.30126851851851855
6 0.4528802083333333 0.6653148148148148 0.189296875 0.20605555555555555
3 0.18542708333333333 0.6026203703703704 0.07521354166666666 0.13779629629629628
8 0.10728645833333333 0.7752037037037037 0.06916145833333333 0.08891666666666667
7 0.8848333333333334 0.6299722222222223 0.06266666666666666 0.2066851851851852
7 0.832828125 0.761712962962963 0.130296875 0.17972222222222223
7 0.786296875 0.7752129629629629 0.12631770833333333 0.15239814814814814
0 0.71375 0.6034444444444444 0.04969791666666667 0.13845370370370372
0 0.7144895833333333 0.7849999999999999 0.04261458333333333 0.06339814814814815
7 0.7985729166666666 0.6290462962962963 0.12259375 0.11083333333333334
7 0.8008072916666666 0.5464074074074075 0.104734375 0.06239814814814815
10 0.115109375 0.6297314814814815 0.0685 0.13385185185185186
0 0.49009895833333333 0.6113611111111111 0.082078125 0.10142592592592593
7 0.8372708333333333 0.629074074074074 0.06156770833333333 0.22244444444444444
6 0.5452135416666667 0.30169444444444443 0.12960416666666666 0.34241666666666665
4 0.090171875 0.21112962962962964 0.06477604166666667 0.1323425925925926