11 0.7509583333333333 0.6462685185185185 0.026218750000000002 0.1960185185185185
11 0.833921875 0.7408148148148148 0.09058854166666667 0.07568518518518517
11 0.4596354166666667 0.7679259259259259 0.0388125 0.02146296296296296
11 0.1675 0.7072407407407408 0.104296875 0.08946296296296297
0 0.383734375 0.7084259259259259 0.053677083333333334 0.1484074074074074
0 0.4934895833333333 0.8023148148148148 0.03955729166666667 0.06114814814814815
0 0.874109375 0.5629351851851853 0.042958333333333334 0.07959259259259259
0 0.7874166666666667 0.8122407407407408 0.06604166666666667 0.09950925925925926
0 0.7889010416666667 0.678 0.09134375 0.12459259259259259
0 0.7327291666666667 0.7679166666666667 0.07607291666666667 0.16633333333333333
10 0.44479166666666664 0.5689722222222222 0.09328125 0.15488888888888888
4 0.45442187500000003 0.5827592592592593 0.040296875 0.10555555555555556
11 0.38113020833333333 0.6528703703703704 0.04548958333333333 0.12194444444444444
10 0.3803854166666667 0.6356574074074074 0.054421874999999995 0.11876851851851852
4 0.5422343749999999 0.7877685185185185 0.050734375 0.1061111111111111
4 0.8640677083333334 0.7943796296296296 0.07982291666666666 0.07437037037037036
0 0.8116041666666667 0.5854074074074074 0.04930208333333333 0.1452314814814815
3 0.530328125 0.6931851851851851 0.06858854166666667 0.19149074074074074
6 0.4261510416666667 0.7282592592592593 0.07898437500000001 0.14576851851851852
7 0.7275208333333333 0.6165 0.07458333333333332 0.09944444444444445
7 0.8499218749999999 0.6859351851851851 0.048171874999999996 0.1431111111111111
7 0.8919635416666666 0.6978425925925925 0.06378645833333334 0.1960185185185185
12 0.08980729166666666 0.6885833333333333 0.03724479166666667 0.1484074074074074
3 0.18468229166666666 0.5959814814814814 0.07372395833333334 0.12936111111111112
11 0.17798958333333334 0.6991574074074074 0.11390625 0.05319444444444445
11 0.16942708333333334 0.7301851851851852 0.052145833333333336 0.13499074074074074
11 0.4343541666666667 0.5886944444444444 0.010484374999999999 0.2183888888888889
11 0.7520833333333333 0.7420740740740741 0.041515624999999994 0.21305555555555555
11 0.3803854166666667 0.6537222222222222 0.042328125 0.11994444444444444
9 0.4941979166666667 0.6944444444444444 0.018802083333333334 0.17070370370370372
11 0.41791666666666666 0.8174166666666666 0.09842708333333333 0.030527777777777775
9 0.453890625 0.6329259259259259 0.07246354166666666 0.04521296296296296
9 0.6084427083333334 0.1663611111111111 0.019526041666666667 0.16391666666666665
11 0.4603802083333333 0.5701759259259259 0.11322916666666667 0.10729629629629629