3 0.18765625 0.5959814814814814 0.07372916666666667 0.12936111111111112
12 0.08735937499999999 0.6934629629629631 0.03382291666666667 0.14144444444444443
10 0.21308854166666666 0.7173796296296296 0.03271875 0.05234259259259259
0 0.3861822916666667 0.7103703703703704 0.04693229166666667 0.14810185185185185
0 0.498984375 0.7902962962962963 0.06509895833333333 0.07037962962962964
0 0.47727604166666665 0.6720925925925926 0.0369375 0.07296296296296297
10 0.44363020833333333 0.5735925925925927 0.09331770833333333 0.16665740740740742
10 0.381703125 0.6356481481481482 0.055890625 0.11372222222222221
4 0.454296875 0.5801481481481481 0.03930208333333333 0.09453703703703703
3 0.528953125 0.6865277777777778 0.07305208333333332 0.1758148148148148
0 0.7884635416666667 0.6751018518518519 0.09116145833333333 0.11724074074074074
0 0.7335364583333334 0.7697962962962963 0.07308854166666667 0.16393518518518518
0 0.7851666666666667 0.8130185185185185 0.06314583333333333 0.0933611111111111
0 0.8114010416666667 0.5882037037037037 0.04693229166666667 0.14064814814814816
0 0.8730677083333334 0.5632962962962963 0.04059895833333334 0.07522222222222222
4 0.861953125 0.7937222222222222 0.07833854166666666 0.07409259259259258
11 0.7457499999999999 0.6654444444444444 0.039614583333333335 0.19998148148148148
7 0.7263906250000001 0.6160277777777777 0.06649479166666666 0.09476851851851852
7 0.75015625 0.718287037037037 0.07117187500000001 0.13416666666666668
7 0.8526041666666667 0.680962962962963 0.04802083333333333 0.18168518518518517
11 0.46111979166666667 0.765287037037037 0.044765625 0.02675
6 0.42540625 0.7309166666666667 0.0775 0.159
4 0.5396249999999999 0.7926018518518518 0.05742708333333334 0.09858333333333333
11 0.8302135416666666 0.741462962962963 0.10436979166666666 0.07641666666666667
11 0.4975833333333333 0.6538055555555555 0.0239375 0.21326851851851852
11 0.49867187500000004 0.6587314814814814 0.0634375 0.1874259259259259
11 0.5452135416666667 0.024907407407407406 0.13556249999999997 0.049824074074074076