3 0.23003645833333333 0.5324074074074074 0.09027604166666667 0.17284259259259258
11 0.21180729166666667 0.4706759259259259 0.10069270833333334 0.1265462962962963
11 0.23697916666666666 0.48148148148148145 0.020833333333333332 0.23456481481481484
9 0.23046875 0.5393518518518519 0.06683854166666667 0.06944444444444445
11 0.1328125 0.5895092592592592 0.11110937500000001 0.1111111111111111
3 0.21657812499999998 0.6643518518518519 0.10677083333333333 0.12808333333333335
3 0.09895833333333333 0.6373425925925926 0.10069270833333334 0.1388888888888889
9 0.20399479166666667 0.7608055555555555 0.036458333333333336 0.11728703703703704
9 0.19704687499999998 0.7060185185185185 0.07291666666666667 0.04475
3 0.06988020833333333 0.7384259259259259 0.056421874999999996 0.10030555555555555
3 0.10243229166666666 0.7446018518518518 0.0625 0.10030555555555555
2 0.0859375 0.49845370370370373 0.15798437499999998 0.2098796296296296
7 0.5703125 0.6049351851851852 0.0625 0.12962962962962962
7 0.5065104166666666 0.5802499999999999 0.07725520833333334 0.08333333333333333
7 0.4144947916666667 0.6875 0.07378645833333333 0.22067592592592594
0 0.38671875 0.7438240740740741 0.037328125000000004 0.1265462962962963
7 0.4926197916666667 0.7446018518518518 0.08072916666666667 0.23302777777777778
7 0.5238697916666667 0.7330277777777777 0.08767187500000001 0.23148148148148148
7 0.552515625 0.7677499999999999 0.0546875 0.18673148148148147
7 0.5859375 0.8016944444444445 0.05902604166666667 0.14043518518518516
14 0.7647552083333333 0.6404351851851852 0.07639062499999999 0.15432407407407406
12 0.7955729166666666 0.7060185185185185 0.04774479166666667 0.10339814814814816
12 0.84765625 0.6712962962962963 0.059895833333333336 0.027777777777777776
14 0.732640625 0.7469166666666667 0.07465104166666667 0.16666666666666666
3 0.7669270833333334 0.8703703703703703 0.05816145833333333 0.09876851851851852
14 0.841578125 0.8287037037037037 0.07204687500000001 0.14814814814814814
14 0.8880208333333334 0.8233055555555555 0.07639062499999999 0.1836388888888889
14 0.8441822916666666 0.7623425925925926 0.08246354166666667 0.1388888888888889
14 0.853734375 0.6149722222222221 0.08767187500000001 0.10339814814814816
14 0.892796875 0.695212962962963 0.04774479166666667 0.10030555555555555
14 0.8559010416666666 0.6867314814814814 0.064234375 0.10802777777777778