11 0.33982812500000004 0.6424166666666666 0.013302083333333332 0.17725000000000002
9 0.49646875 0.7633055555555556 0.07378645833333333 0.09420370370370369
11 0.452203125 0.7634722222222222 0.09833333333333334 0.14947222222222223
11 0.4425104166666667 0.8143703703703703 0.0728125 0.023805555555555555
11 0.11398958333333334 0.5862037037037037 0.07371354166666667 0.08598148148148148
11 0.160859375 0.6106666666666667 0.08552083333333332 0.09787962962962962
5 0.13928645833333334 0.7402962962962962 0.05288020833333333 0.2037037037037037
5 0.38894270833333333 0.5643703703703703 0.105765625 0.1534351851851852
5 0.5199010416666667 0.5875277777777778 0.10255729166666666 0.07803703703703704
8 0.05259895833333333 0.7707222222222222 0.07890625 0.11639814814814814
2 0.09241145833333334 0.694 0.09156770833333333 0.11375925925925925
2 0.17909895833333334 0.7171481481481481 0.07446875 0.20502777777777778
1 0.383734375 0.7535277777777777 0.09683854166666667 0.1640185185185185
9 0.3770364583333333 0.6424166666666666 0.052187500000000005 0.06349074074074074
0 0.5165572916666666 0.762787037037037 0.05121875 0.06349074074074074
9 0.4797291666666667 0.6973148148148148 0.09239583333333333 0.03836111111111111
0 0.47745312500000003 0.6614444444444445 0.040359374999999996 0.05951851851851852
0 0.708171875 0.569 0.03588541666666667 0.059527777777777784
0 0.7007239583333333 0.6258981481481481 0.031078125 0.07011111111111111
0 0.767703125 0.5676851851851852 0.035895833333333335 0.06481481481481481
0 0.8294635416666666 0.6040555555555556 0.040375 0.10846296296296297
0 0.8324374999999999 0.7059074074074074 0.051895833333333335 0.10582407407407408
0 0.7260260416666667 0.8183425925925926 0.03852083333333333 0.05291666666666667
0 0.8313177083333334 0.8163611111111111 0.03775520833333333 0.07539814814814816
0 0.7803541666666667 0.8143703703703703 0.06417708333333333 0.07407407407407407
7 0.87225 0.7488981481481481 0.05005729166666666 0.20502777777777778
7 0.7773697916666666 0.7336944444444444 0.13376041666666666 0.11639814814814814
0 0.7063072916666666 0.7646111111111111 0.02918229166666667 0.0618425925925926
0 0.71784375 0.6693981481481482 0.028447916666666666 0.04921296296296296