11 0.19917708333333334 0.4570925925925926 0.08322395833333333 0.1265277777777778
11 0.13594791666666667 0.5931388888888889 0.080453125 0.08574999999999999
11 0.12084375 0.6070833333333333 0.09234895833333333 0.06817592592592592
2 0.09443229166666667 0.4994814814814815 0.18886979166666668 0.20227777777777778
9 0.22872916666666668 0.5400462962962963 0.05072395833333333 0.0650462962962963
3 0.22123437499999998 0.5296851851851851 0.09193229166666667 0.1701851851851852
3 0.09608333333333333 0.6390648148148149 0.09695833333333333 0.13403703703703704
12 0.23770833333333333 0.7670277777777778 0.02628125 0.045814814814814815
12 0.8471666666666666 0.6726018518518518 0.057291666666666664 0.024259259259259258
12 0.7936927083333334 0.7065925925925925 0.04658854166666667 0.0941388888888889
12 0.7227760416666666 0.9287314814814814 0.053390625000000004 0.01587037037037037
12 0.037744791666666666 0.6746111111111112 0.07548958333333333 0.043925925925925924
7 0.41522916666666665 0.6844444444444445 0.069546875 0.21686111111111112
7 0.44257291666666665 0.7499629629629629 0.11780729166666666 0.18987037037037038
7 0.49203125000000003 0.7429444444444444 0.07771354166666668 0.2305
7 0.5259166666666667 0.7339166666666667 0.08346354166666667 0.23146296296296295
7 0.5841354166666667 0.8046203703703704 0.05660416666666667 0.1375648148148148
7 0.5603333333333332 0.7556018518518518 0.061572916666666665 0.20525925925925925
7 0.5716302083333333 0.60325 0.0614375 0.14125000000000001
0 0.38453645833333333 0.7380092592592592 0.04286458333333333 0.12637037037037036
7 0.5091927083333333 0.5892407407407407 0.09297395833333333 0.09897222222222223
14 0.7351197916666667 0.7418055555555555 0.07251041666666666 0.1637222222222222
14 0.762703125 0.6356851851851851 0.08609895833333334 0.1577962962962963
14 0.7682395833333333 0.8381574074074074 0.1044375 0.10873148148148148
14 0.84246875 0.8315092592592592 0.06513020833333333 0.14618518518518517
14 0.8865364583333334 0.8237222222222222 0.07200000000000001 0.18074074074074073
14 0.8836979166666666 0.6909907407407407 0.063515625 0.09358333333333332
14 0.8502447916666667 0.6825462962962963 0.06391666666666666 0.1048425925925926
8 0.8339531250000001 0.6651944444444444 0.03528645833333333 0.08890740740740741
14 0.8529531250000001 0.6177037037037038 0.08383854166666667 0.0901111111111111
6 0.8378489583333334 0.5993148148148149 0.05589583333333333 0.05692592592592592
2 0.044432291666666665 0.2562037037037037 0.08886458333333333 0.21400925925925926
3 0.765734375 0.867462962962963 0.05792708333333333 0.09925925925925926
14 0.7934114583333333 0.7522592592592593 0.060515624999999997 0.09787962962962962
14 0.8140000000000001 0.6641111111111111 0.062125 0.0982962962962963
11 0.21915625 0.47014814814814815 0.010921875 0.22325925925925927
3 0.21033333333333332 0.6600555555555556 0.10491666666666667 0.11650925925925926
6 0.16048437499999998 0.7586574074074074 0.115984375 0.1449351851851852