11 0.33982812500000004 0.6424166666666666 0.013302083333333332 0.17725000000000002
9 0.49460937499999996 0.7474259259259259 0.08048958333333332 0.08362037037037037
11 0.5068802083333334 0.720462962962963 0.06163541666666667 0.16931481481481483
11 0.4309895833333333 0.7978425925925926 0.11842708333333334 0.08333333333333333
11 0.4425104166666667 0.8143703703703703 0.0728125 0.023805555555555555
11 0.11398958333333334 0.5862037037037037 0.07371354166666667 0.08598148148148148
11 0.160859375 0.6106666666666667 0.08552083333333332 0.09787962962962962
5 0.13928645833333334 0.7402962962962962 0.05288020833333333 0.2037037037037037
5 0.38894270833333333 0.5643703703703703 0.105765625 0.1534351851851852
5 0.521015625 0.6080277777777777 0.10479166666666666 0.11904629629629629
8 0.05259895833333333 0.7707222222222222 0.07890625 0.11639814814814814
2 0.09241145833333334 0.694 0.09156770833333333 0.11375925925925925
2 0.17909895833333334 0.7171481481481481 0.07446875 0.20502777777777778
1 0.3844791666666667 0.7535277777777777 0.09683854166666667 0.1640185185185185
9 0.3770364583333333 0.6424166666666666 0.052187500000000005 0.06349074074074074
9 0.49571875 0.5670185185185185 0.07801041666666667 0.09787962962962962
0 0.51171875 0.761462962962963 0.06833333333333333 0.06349074074074074
11 0.476375 0.7308796296296296 0.04402083333333333 0.1663425925925926
0 0.47745312500000003 0.6614444444444445 0.040359374999999996 0.05951851851851852
0 0.708171875 0.569 0.03588541666666667 0.059527777777777784
0 0.7159791666666667 0.654324074074074 0.04670833333333334 0.09787962962962962
0 0.767703125 0.5676851851851852 0.035895833333333335 0.06481481481481481
0 0.8294635416666666 0.6040555555555556 0.040375 0.10846296296296297
0 0.8324374999999999 0.7059074074074074 0.051895833333333335 0.10582407407407408
0 0.7260260416666667 0.8216481481481481 0.03852083333333333 0.059527777777777784
0 0.8313177083333334 0.8163611111111111 0.03775520833333333 0.07539814814814816
0 0.7803541666666667 0.8143703703703703 0.06417708333333333 0.07407407407407407
7 0.87225 0.7488981481481481 0.05005729166666666 0.20502777777777778
7 0.7732760416666667 0.7581574074074073 0.1270625 0.06482407407407408