0 0.7107760416666667 0.6416111111111111 0.047046875 0.1068611111111111
0 0.71003125 0.5695370370370371 0.029187499999999998 0.06588888888888889
0 0.7662135416666668 0.5688796296296296 0.038875 0.059268518518518526
0 0.8298333333333333 0.6059074074074075 0.04111979166666667 0.10951851851851852
0 0.7063124999999999 0.7646111111111111 0.03216666666666666 0.05921296296296297
0 0.7278854166666666 0.8181851851851851 0.03480208333333333 0.0611574074074074
0 0.755046875 0.7831388888888888 0.06679166666666667 0.09685185185185184
0 0.8294635416666666 0.8135462962962963 0.040375 0.07771296296296297
7 0.7788541666666667 0.7375185185185185 0.136734375 0.10610185185185185
0 0.8343020833333333 0.701787037037037 0.05005208333333333 0.0922962962962963
9 0.49795833333333334 0.7527222222222223 0.07974479166666668 0.09420370370370369
9 0.510609375 0.7222870370370371 0.094625 0.04864814814814815
0 0.4760052083333333 0.6621203703703704 0.041791666666666664 0.05527777777777778
0 0.517671875 0.7619814814814815 0.05940104166666667 0.0651111111111111
1 0.38150520833333335 0.7507222222222222 0.0998125 0.16369444444444445
11 0.33982812500000004 0.6303703703703704 0.013302083333333332 0.15844444444444444
11 0.4488489583333333 0.7838055555555555 0.11247395833333333 0.11669444444444445
11 0.4365572916666667 0.8208240740740741 0.08471875 0.028777777777777777
11 0.4841875 0.7712407407407408 0.02815625 0.11007407407407407
11 0.11547916666666666 0.5854074074074074 0.0766875 0.08703703703703704
5 0.14226562499999998 0.7395092592592593 0.05436979166666667 0.20528703703703705
5 0.39042187500000003 0.5675740740740741 0.10854166666666668 0.14968518518518517
5 0.5165624999999999 0.5926851851851852 0.10207291666666667 0.09364814814814815
9 0.3807552083333333 0.6469074074074074 0.053677083333333334 0.07512037037037037
2 0.1787291666666667 0.7169907407407408 0.07521354166666666 0.20735185185185184
2 0.08980729166666666 0.6984814814814815 0.093796875 0.10684259259259259
7 0.871875 0.7467777777777778 0.053375 0.20397222222222222