11 0.4879114583333333 0.7536666666666667 0.09536979166666668 0.1267037037037037
11 0.46707291666666667 0.7159907407407408 0.02690625 0.2027037037037037
11 0.4306145833333333 0.8198240740740741 0.095359375 0.023490740740740743
11 0.4350833333333333 0.8059351851851851 0.11172916666666667 0.06186111111111111
11 0.5050208333333334 0.7272314814814814 0.05196354166666666 0.18021296296296296
11 0.11324479166666666 0.5817037037037037 0.07966666666666668 0.08226851851851852
11 0.34057291666666667 0.6538148148148148 0.011817708333333335 0.2026851851851852
9 0.44698437500000004 0.5625 0.031364583333333335 0.17042592592592593
5 0.141890625 0.7358055555555555 0.06106770833333333 0.19417592592592595
9 0.14077604166666668 0.6478333333333333 0.08115625 0.04471296296296296
1 0.38596874999999997 0.7543518518518519 0.10130208333333333 0.16037962962962965
9 0.37666145833333337 0.6412314814814815 0.041026041666666666 0.06376851851851852
5 0.3896875 0.5638425925925926 0.10427604166666667 0.14974074074074073
5 0.51246875 0.5949166666666666 0.08495833333333333 0.12674999999999997
8 0.05408854166666666 0.7702222222222223 0.08634895833333332 0.11805555555555555
0 0.5105989583333334 0.7556574074074074 0.07056770833333334 0.06981481481481482
0 0.711890625 0.6346203703703703 0.034395833333333334 0.058472222222222224
0 0.7085416666666667 0.5724351851851852 0.03216666666666666 0.06375
0 0.7658385416666668 0.5678055555555556 0.03961979166666666 0.062425925925925926
0 0.826859375 0.6048518518518519 0.042609375 0.10741666666666667
0 0.7122604166666666 0.8012962962962963 0.03927083333333334 0.07641666666666667
0 0.7427708333333333 0.8264351851851851 0.048192708333333334 0.05788888888888889
0 0.794484375 0.8158518518518518 0.065296875 0.07375925925925926
0 0.82796875 0.6941388888888889 0.05784895833333333 0.09497222222222222
7 0.8651822916666667 0.7470462962962963 0.06121875 0.20608333333333334
7 0.7613697916666666 0.7483888888888889 0.13153125 0.07174074074074074
0 0.7245260416666667 0.6743148148148148 0.03592708333333334 0.05533333333333333
2 0.17984375 0.7133148148148148 0.080421875 0.20476851851851852
11 0.14929166666666666 0.45296296296296296 0.107296875 0.14641666666666667
11 0.13815104166666667 0.4434814814814815 0.1310625 0.10175925925925926