0 0.79634375 0.8109166666666666 0.06604166666666667 0.0757037037037037
0 0.7118854166666666 0.799675925925926 0.04298958333333334 0.0849537037037037
0 0.743140625 0.8281018518518519 0.048937499999999995 0.05719444444444445
0 0.7130052083333334 0.6336944444444444 0.03629166666666667 0.057129629629629634
0 0.707796875 0.5721851851851852 0.030677083333333334 0.06587962962962964
0 0.76546875 0.5695370370370371 0.040364583333333336 0.060592592592592594
0 0.8276041666666667 0.6045833333333334 0.04409375 0.10687037037037037
0 0.8294583333333333 0.6938703703703704 0.05784895833333333 0.0955
11 0.48084375 0.7474351851851851 0.11396875 0.10742592592592592
11 0.50353125 0.7262500000000001 0.06684895833333333 0.16767592592592592
9 0.509859375 0.7622685185185185 0.039562499999999994 0.1544814814814815
0 0.509484375 0.7566851851851852 0.06982291666666667 0.07303703703703704
11 0.42801041666666667 0.8188425925925926 0.09609895833333333 0.025444444444444443
11 0.3390833333333333 0.638962962962963 0.011817708333333335 0.1756388888888889
11 0.11770833333333333 0.58475 0.08859375 0.09100925925925926
5 0.14226562499999998 0.7335555555555555 0.06478645833333334 0.19867592592592592
9 0.14152083333333335 0.6469166666666666 0.08264583333333334 0.05449074074074074
1 0.38596874999999997 0.7546851851851851 0.0998125 0.1663425925925926
9 0.38113020833333333 0.6429351851851852 0.04697916666666667 0.06982407407407407
5 0.38708333333333333 0.5602777777777778 0.09906770833333334 0.14788888888888888
5 0.5117239583333333 0.5973333333333334 0.08197916666666667 0.14573148148148146
2 0.18058854166666669 0.7130555555555556 0.07893229166666667 0.20792592592592593
7 0.8674166666666667 0.7487685185185184 0.05972916666666667 0.21587037037037035
7 0.7609947916666666 0.7427870370370371 0.13525 0.07905555555555555
8 0.055572916666666666 0.7705648148148149 0.083375 0.12137037037037038
11 0.42317187500000003 0.5949537037037037 0.023921875 0.21189814814814814
9 0.4477291666666667 0.5563333333333333 0.026901041666666667 0.16687037037037036
11 0.45442187500000003 0.6090833333333333 0.012015625 0.1860740740740741