13 0.14635937499999999 0.6461574074074075 0.071484375 0.09247222222222222
11 0.34057291666666667 0.6363148148148149 0.011817708333333335 0.16769444444444445
11 0.48642708333333334 0.7394999999999999 0.11025 0.09949074074074074
11 0.50353125 0.7222777777777777 0.06238020833333333 0.1650185185185185
11 0.42503645833333337 0.8201666666666666 0.10652083333333334 0.022814814814814816
9 0.44102604166666665 0.5523333333333333 0.026677083333333334 0.17433333333333334
9 0.37815104166666663 0.6442592592592592 0.05144270833333333 0.06982407407407407
9 0.5113489583333333 0.7573518518518519 0.04105208333333333 0.16694444444444445
5 0.38931770833333335 0.5589537037037037 0.10800000000000001 0.14524074074074075
5 0.513578125 0.5999537037037037 0.07800520833333334 0.14258333333333334
0 0.509109375 0.7546944444444444 0.069078125 0.07111111111111111
2 0.17835416666666667 0.728925925925926 0.07446875 0.18412962962962964
5 0.138171875 0.7613240740740741 0.058093750000000006 0.14314814814814814
0 0.7115208333333333 0.6330185185185185 0.033656250000000006 0.05792592592592593
0 0.7085416666666667 0.5715185185185185 0.03216666666666666 0.06191666666666667
7 0.7654739583333333 0.6488796296296296 0.07906250000000001 0.1240462962962963
0 0.7680729166666667 0.5688796296296296 0.03813020833333333 0.06456481481481482
0 0.8283489583333333 0.6052407407407407 0.041124999999999995 0.10554629629629629
0 0.8287239583333333 0.6945092592592593 0.056749999999999995 0.09889814814814815
0 0.7360729166666666 0.8201574074074074 0.0645625 0.06712037037037037
0 0.7941145833333334 0.8115555555555556 0.069015625 0.07901851851851852
7 0.86815625 0.7454166666666666 0.062302083333333334 0.20600925925925928
7 0.762484375 0.7447685185185186 0.13525 0.08300925925925927
11 0.11175520833333333 0.5821018518518518 0.06776041666666667 0.06455555555555556
8 0.04961979166666666 0.7685740740740741 0.072953125 0.11739814814814815