11 0.11881770833333333 0.5867407407407407 0.071390625 0.07431481481481482
11 0.3390833333333333 0.640287037037037 0.011817708333333335 0.1703425925925926
11 0.4261510416666667 0.8201666666666666 0.102796875 0.020166666666666666
11 0.487171875 0.7408148148148148 0.11471875 0.10477777777777778
0 0.509484375 0.7580092592592592 0.06982291666666667 0.0730462962962963
11 0.5057708333333334 0.7203240740740741 0.06263020833333334 0.159
9 0.37778125 0.6422777777777777 0.04772395833333333 0.0685
9 0.442515625 0.5536851851851852 0.025411458333333335 0.1748148148148148
5 0.38820312500000004 0.5615925925925925 0.11022916666666666 0.14524074074074075
5 0.51209375 0.6026203703703704 0.07975 0.13779629629629628
5 0.14301041666666667 0.735537037037037 0.061812500000000006 0.19206481481481483
2 0.17686979166666666 0.7315648148148148 0.080421875 0.1603240740740741
9 0.5128385416666666 0.7626481481481481 0.032125 0.15900925925925924
9 0.7089166666666666 0.5715185185185185 0.028442708333333334 0.06191666666666667
9 0.7111458333333334 0.6356759259259259 0.03588541666666667 0.061101851851851845
9 0.7665833333333333 0.5675648148148148 0.04074479166666667 0.0650462962962963
9 0.8264895833333333 0.6065648148148148 0.04186458333333333 0.11083333333333334
9 0.8276041666666667 0.6912037037037037 0.056 0.09758333333333333
9 0.7368125 0.8201574074074074 0.06456770833333333 0.053898148148148146
9 0.794484375 0.8155277777777777 0.065296875 0.0710925925925926
7 0.8670416666666667 0.7474444444444445 0.05601041666666667 0.21058333333333334
7 0.762484375 0.7375 0.133765625 0.07905555555555555
13 0.09725520833333333 0.785712962962963 0.026817708333333336 0.06463888888888888