11 0.20711458333333335 0.458037037037037 0.08322395833333333 0.1265277777777778
12 0.243 0.7670277777777778 0.02628125 0.045814814814814815
12 0.8452760416666667 0.6808148148148148 0.05478645833333333 0.038120370370370374
12 0.7936927083333334 0.7065925925925925 0.04658854166666667 0.0941388888888889
12 0.7208229166666666 0.9264166666666667 0.053390625000000004 0.01587037037037037
12 0.039864583333333335 0.6783703703703704 0.07548958333333333 0.043925925925925924
7 0.41522916666666665 0.6844444444444445 0.069546875 0.21686111111111112
7 0.44257291666666665 0.7499629629629629 0.11780729166666666 0.18987037037037038
7 0.49398437500000003 0.7429444444444444 0.07771354166666668 0.2305
7 0.5291666666666667 0.7339166666666667 0.08346354166666667 0.23146296296296295
7 0.5841354166666667 0.8046203703703704 0.05660416666666667 0.1375648148148148
7 0.5603333333333332 0.7556018518518518 0.061572916666666665 0.20525925925925925
7 0.5716302083333333 0.60325 0.0614375 0.14125000000000001
0 0.38583854166666665 0.7391666666666666 0.04286458333333333 0.12637037037037036
7 0.5091927083333333 0.5892407407407407 0.09297395833333333 0.09897222222222223
14 0.7351197916666667 0.7418055555555555 0.07251041666666666 0.1637222222222222
14 0.76465625 0.638 0.08609895833333334 0.1577962962962963
14 0.7682395833333333 0.8381574074074074 0.1044375 0.10873148148148148
14 0.84246875 0.8315092592592592 0.06513020833333333 0.14618518518518517
14 0.8865364583333334 0.8237222222222222 0.07200000000000001 0.18074074074074073
14 0.8836979166666666 0.6909907407407407 0.063515625 0.09358333333333332
8 0.8356302083333333 0.6702314814814815 0.03528645833333333 0.08890740740740741
3 0.765734375 0.867462962962963 0.05792708333333333 0.09925925925925926
14 0.7934114583333333 0.7522592592592593 0.060515624999999997 0.09787962962962962
14 0.810984375 0.6652037037037036 0.062125 0.0982962962962963
11 0.21951562500000002 0.4422777777777778 0.01021875 0.17002777777777778
6 0.16471875 0.7567777777777778 0.115984375 0.1449351851851852
2 0.17495312500000001 0.6112685185185185 0.19313541666666667 0.23550925925925925
12 0.10458854166666667 0.27343518518518517 0.026802083333333334 0.08339814814814814
8 0.882578125 0.6156203703703704 0.08089062500000001 0.08679629629629629
8 0.9113697916666667 0.6591296296296296 0.03723958333333333 0.08132407407407408
13 0.02984375 0.22894444444444442 0.055338541666666664 0.07527777777777778
13 0.04590104166666666 0.15764814814814815 0.03770833333333334 0.062490740740740736