1 0.38596874999999997 0.7561759259259259 0.09683854166666667 0.16666666666666666
11 0.11696354166666666 0.5862037037037037 0.08115104166666667 0.08598148148148148
11 0.33833854166666666 0.6437407407407407 0.011817708333333335 0.17195370370370372
11 0.4890208333333333 0.6020740740740741 0.01996875 0.16799074074074075
11 0.4778645833333333 0.6047222222222223 0.006578125000000001 0.16269444444444445
11 0.48865625 0.7402962962962962 0.11025 0.10317592592592593
11 0.4268854166666667 0.819 0.107046875 0.022490740740740738
9 0.14747395833333332 0.637787037037037 0.09604166666666666 0.06746296296296296
9 0.442515625 0.5504814814814815 0.023921875 0.17857407407407408
9 0.4890208333333333 0.5815740740740741 0.018479166666666665 0.12434259259259259
9 0.375921875 0.6397685185185186 0.044000000000000004 0.06084259259259259
8 0.05259895833333333 0.7641111111111111 0.07593229166666667 0.10317592592592593
8 0.5109791666666667 0.6649074074074074 0.053703125 0.12169444444444445
8 0.5117239583333333 0.7594814814814815 0.03882291666666667 0.1653425925925926
5 0.144125 0.7330277777777777 0.06553125 0.1970925925925926
5 0.38894270833333333 0.5630555555555555 0.10279166666666667 0.1534351851851852
2 0.17909895833333334 0.7164907407407407 0.080421875 0.2037037037037037
0 0.5087447916666666 0.7541851851851852 0.06858333333333334 0.059527777777777784
0 0.707796875 0.5709907407407407 0.030677083333333334 0.06349074074074074
0 0.7085416666666667 0.6344814814814815 0.033651041666666666 0.05555555555555555
0 0.76546875 0.5696666666666667 0.040364583333333336 0.06349074074074074
0 0.8276041666666667 0.6080277777777777 0.04409375 0.10846296296296297
0 0.826109375 0.6940092592592593 0.05561979166666667 0.09523148148148147
0 0.7111458333333334 0.8011481481481482 0.041505208333333335 0.08730555555555557
0 0.7420260416666667 0.8223148148148148 0.051171875 0.0582037037037037
0 0.7929947916666666 0.8143796296296296 0.065296875 0.07142592592592592
7 0.8681614583333332 0.7475740740740741 0.05972916666666667 0.20767592592592593
7 0.7609947916666666 0.7555092592592593 0.13822916666666665 0.06216666666666667
7 0.7617499999999999 0.6596203703703704 0.076078125 0.1269722222222222
5 0.6043645833333334 0.14062037037037037 0.063125 0.18339814814814814