12 0.8452760416666667 0.6808148148148148 0.05478645833333333 0.038120370370370374
12 0.7936927083333334 0.7065925925925925 0.04658854166666667 0.0941388888888889
12 0.7208229166666666 0.9264166666666667 0.053390625000000004 0.01587037037037037
7 0.41522916666666665 0.6844444444444445 0.069546875 0.21686111111111112
7 0.44075000000000003 0.7510462962962963 0.11780729166666666 0.18987037037037038
7 0.5841354166666667 0.8046203703703704 0.05660416666666667 0.1375648148148148
7 0.5603333333333332 0.7556018518518518 0.061572916666666665 0.20525925925925925
7 0.5716302083333333 0.60325 0.0614375 0.14125000000000001
0 0.38583854166666665 0.7391666666666666 0.04286458333333333 0.12637037037037036
14 0.7351197916666667 0.7418055555555555 0.07251041666666666 0.1637222222222222
14 0.76465625 0.638 0.08609895833333334 0.1577962962962963
14 0.7682395833333333 0.8381574074074074 0.1044375 0.10873148148148148
14 0.84246875 0.8315092592592592 0.06513020833333333 0.14618518518518517
14 0.8865364583333334 0.8237222222222222 0.07200000000000001 0.18074074074074073
14 0.8836979166666666 0.6909907407407407 0.063515625 0.09358333333333332
8 0.8356302083333333 0.6702314814814815 0.03528645833333333 0.08890740740740741
3 0.765734375 0.867462962962963 0.05792708333333333 0.09925925925925926
14 0.7934114583333333 0.7522592592592593 0.060515624999999997 0.09787962962962962
14 0.810984375 0.6652037037037036 0.062125 0.0982962962962963
8 0.882578125 0.6156203703703704 0.08089062500000001 0.08679629629629629
8 0.9135000000000001 0.6596666666666667 0.0415 0.0824074074074074
13 0.035984375 0.23687037037037037 0.06050520833333333 0.09863888888888889
13 0.050984375 0.1549351851851852 0.03770833333333334 0.062490740740740736
10 0.19022395833333333 0.5069444444444444 0.11388541666666667 0.16324074074074074
10 0.23617708333333332 0.6731203703703704 0.12284375 0.23392592592592593
10 0.10206770833333333 0.5765648148148149 0.04569270833333334 0.08622222222222223
6 0.141078125 0.7585740740740741 0.13428645833333333 0.23399999999999999
6 0.06136458333333333 0.6798888888888889 0.12090104166666667 0.33958333333333335
3 0.11794791666666667 0.6387314814814815 0.059432291666666665 0.11762037037037038
11 0.2642395833333333 0.4989351851851852 0.043890624999999996 0.0885
3 0.04686979166666667 0.6766759259259258 0.06160416666666667 0.13017592592592592
10 0.050078125 0.514462962962963 0.09068229166666668 0.20550925925925925
12 0.10740625 0.2692222222222222 0.044812500000000005 0.0918611111111111
7 0.49974999999999997 0.7941666666666667 0.11415625 0.14389814814814814
7 0.4717708333333333 0.6174259259259259 0.10829166666666666 0.1714351851851852
7 0.53771875 0.717675925925926 0.061125 0.17123148148148148
7 0.5079322916666666 0.5825833333333333 0.07953125 0.08569444444444445