13 0.05144270833333333 0.1530277777777778 0.04283854166666667 0.07058333333333333
13 0.0370625 0.23300925925925928 0.061223958333333335 0.09212037037037037
12 0.10878645833333334 0.2677037037037037 0.035557291666666664 0.08452777777777779
10 0.18953124999999998 0.5085925925925926 0.11338020833333333 0.1638425925925926
10 0.23327083333333334 0.6689537037037038 0.125453125 0.23286111111111113
10 0.04810416666666666 0.5104351851851852 0.09505208333333333 0.2104259259259259
6 0.13811979166666666 0.7610185185185185 0.15054166666666668 0.24303703703703705
6 0.061375 0.6798425925925926 0.12256249999999999 0.3450092592592593
3 0.048442708333333334 0.6740833333333334 0.06386979166666666 0.11962962962962961
3 0.11641145833333333 0.6401018518518518 0.06279166666666666 0.11205555555555555
0 0.38601041666666663 0.7454722222222222 0.04004166666666666 0.12957407407407406
7 0.4991875 0.7899722222222222 0.10983854166666666 0.15624074074074074
7 0.5313125 0.741962962962963 0.072359375 0.23203703703703704
7 0.5861822916666667 0.8034166666666667 0.059708333333333335 0.13629629629629628
7 0.57228125 0.605 0.06047916666666667 0.13937037037037037
14 0.8885000000000001 0.6929074074074074 0.05846354166666667 0.09225925925925926
14 0.888453125 0.8278148148148148 0.06917708333333333 0.17583333333333334
14 0.8432708333333333 0.82975 0.06299479166666667 0.14638888888888887
14 0.8554375000000001 0.685787037037037 0.05797395833333333 0.08762037037037036
3 0.7674270833333333 0.8680925925925925 0.05525520833333333 0.09545370370370371
12 0.8460260416666666 0.6820092592592593 0.054593749999999996 0.033407407407407406
12 0.7236666666666667 0.9295925925925926 0.053125 0.015370370370370371
8 0.8354479166666666 0.6742685185185185 0.03528125 0.09185185185185185
8 0.9128697916666667 0.660537037037037 0.043375000000000004 0.08499999999999999
8 0.882703125 0.6185925925925926 0.08440625 0.08519444444444445
12 0.2092291666666667 0.5987962962962964 0.06270833333333334 0.10097222222222221
11 0.2670885416666666 0.49733333333333335 0.04428125 0.09182407407407407
7 0.4173854166666667 0.6780833333333334 0.07032291666666667 0.22744444444444442
7 0.4658125 0.6094351851851852 0.12081770833333333 0.19580555555555557
7 0.438359375 0.7609444444444445 0.11583333333333333 0.18153703703703705
7 0.5368645833333333 0.6175555555555556 0.10554166666666666 0.16748148148148148
12 0.7962552083333333 0.7082222222222222 0.04916145833333333 0.09748148148148149
14 0.765203125 0.6389907407407408 0.08449479166666667 0.15775
14 0.7342760416666666 0.7589444444444444 0.07368229166666666 0.12928703703703703
14 0.7941145833333334 0.7548796296296296 0.0613125 0.10075
14 0.8151875000000001 0.6652962962962963 0.06241145833333333 0.10375925925925926
8 0.732421875 0.6660555555555556 0.06609375 0.13355555555555557