11 0.34019791666666666 0.6358055555555555 0.015536458333333333 0.16931481481481483
11 0.4879114583333333 0.742287037037037 0.11025 0.10978703703703703
11 0.42354687500000004 0.8216481481481481 0.10503124999999999 0.02512962962962963
11 0.48753645833333337 0.6027314814814815 0.023187500000000003 0.16666666666666666
11 0.4789791666666667 0.6047222222222223 0.009046875000000001 0.16799074074074075
9 0.49051041666666667 0.5835555555555556 0.01699479166666667 0.12037037037037036
9 0.44140104166666666 0.5518055555555555 0.02615625 0.17592592592592593
9 0.37740625 0.6424166666666666 0.04697916666666667 0.06878703703703705
9 0.5135833333333334 0.7660925925925925 0.029145833333333333 0.16005555555555556
9 0.14821874999999998 0.637787037037037 0.09604166666666666 0.06746296296296296
5 0.40531770833333336 0.5617314814814814 0.14 0.1428611111111111
5 0.10836979166666666 0.4691296296296297 0.08922916666666666 0.24339814814814814
1 0.38485416666666666 0.7548518518518519 0.09906770833333334 0.16931481481481483
2 0.17835416666666667 0.7336851851851852 0.080421875 0.1640185185185185
8 0.5094895833333334 0.668212962962963 0.05519270833333333 0.1309537037037037
0 0.7301145833333333 0.8071018518518518 0.07349479166666667 0.09126851851851851
0 0.7959739583333333 0.8071018518518518 0.065296875 0.08068518518518518
0 0.8294583333333333 0.6272037037037037 0.041479166666666664 0.1124351851851852
0 0.707796875 0.5723148148148148 0.030677083333333334 0.06878703703703705
7 0.7632291666666667 0.7436111111111111 0.13673958333333333 0.08068518518518518
7 0.8703906250000001 0.7455925925925926 0.05080208333333334 0.19841666666666666