7 0.5728125 0.6096111111111111 0.05552083333333333 0.12928703703703703
0 0.3859166666666667 0.744462962962963 0.03675520833333333 0.12094444444444445
7 0.5528697916666666 0.7694814814814814 0.05473958333333333 0.17934259259259258
7 0.5861093749999999 0.8056296296296297 0.06334375 0.1404074074074074
14 0.7683072916666667 0.6383425925925925 0.082109375 0.16821296296296295
14 0.734296875 0.740287037037037 0.07663541666666666 0.1626574074074074
14 0.8422135416666666 0.829962962962963 0.07038020833333333 0.1473611111111111
14 0.8883489583333334 0.8313518518518519 0.07038020833333333 0.19462962962962962
14 0.8899114583333334 0.6930277777777778 0.05630208333333333 0.09036111111111111
14 0.8582447916666667 0.678425925925926 0.05552083333333333 0.09453703703703703
8 0.8367395833333333 0.6631296296296296 0.03284375 0.11121296296296296
12 0.8463854166666667 0.680962962962963 0.060994791666666666 0.03197222222222222
14 0.7945104166666667 0.7535 0.059432291666666665 0.10287962962962963
14 0.85003125 0.768787037037037 0.07038020833333333 0.11677777777777779
3 0.7679218750000001 0.8654074074074074 0.060994791666666666 0.10148148148148148
12 0.7953020833333333 0.7081666666666667 0.04866145833333334 0.09639814814814815
8 0.8899739583333334 0.6192129629629629 0.08984375 0.09953703703703703
3 0.11919270833333333 0.6435092592592593 0.06069270833333333 0.12353703703703703
10 0.05102083333333333 0.5105833333333333 0.10203645833333333 0.21737037037037035
10 0.18428645833333332 0.5043240740740741 0.11347395833333333 0.17983333333333335
10 0.22914583333333333 0.6700925925925927 0.12930729166666668 0.23925925925925923
6 0.14250000000000002 0.7600092592592592 0.12842708333333333 0.23144444444444445
6 0.06465104166666666 0.6888611111111111 0.12403125 0.3393425925925926
7 0.5091145833333334 0.5763888888888888 0.0859375 0.09722222222222222
3 0.048828125 0.6747685185185185 0.06380208333333333 0.11342592592592593
11 0.2578125 0.5115740740740741 0.044270833333333336 0.09259259259259259
7 0.5462239583333334 0.6967592592592593 0.061197916666666664 0.1574074074074074
7 0.494140625 0.7870370370370371 0.09244791666666667 0.14351851851851852
7 0.4765625 0.6192129629629629 0.1015625 0.16435185185185186
7 0.41523958333333333 0.6812037037037038 0.07507291666666666 0.23912037037037037
7 0.44627083333333334 0.7445462962962963 0.12148958333333333 0.19585185185185186
13 0.05447916666666666 0.15382407407407406 0.043848958333333334 0.08078703703703703
13 0.035619791666666664 0.23429629629629628 0.055614583333333335 0.10749074074074075
12 0.10829166666666666 0.273037037037037 0.04991666666666667 0.10626851851851851