11 0.126640625 0.6014074074074074 0.10794270833333333 0.11639814814814814
11 0.339453125 0.643074074074074 0.02 0.17592592592592593
11 0.42466145833333335 0.8216481481481481 0.10130729166666666 0.027777777777777776
11 0.48940104166666665 0.7409629629629629 0.116203125 0.10713888888888888
11 0.48828125 0.6040555555555556 0.01996875 0.1640185185185185
11 0.47860937499999995 0.6000925925925926 0.018723958333333336 0.17460185185185184
2 0.17760937499999999 0.7171481481481481 0.08191145833333334 0.1970925925925926
2 0.09241145833333334 0.7026018518518518 0.10495833333333333 0.13624074074074072
9 0.375546875 0.6424166666666666 0.04920833333333333 0.0661388888888889
9 0.41572395833333337 0.6232407407407408 0.0891875 0.03306481481481482
5 0.38820312500000004 0.5524722222222221 0.11320833333333334 0.12434259259259259
12 0.35471354166666663 0.47574999999999995 0.10427083333333333 0.07407407407407407
8 0.5087447916666666 0.6596111111111111 0.05965625 0.1428611111111111
0 0.509484375 0.7561759259259259 0.06982291666666667 0.0661388888888889
0 0.8205364583333333 0.643074074074074 0.052281249999999994 0.12301851851851853
0 0.7104010416666667 0.5703240740740741 0.031421875 0.06481481481481481
0 0.7371875 0.8077592592592593 0.07572916666666667 0.0793611111111111
7 0.86853125 0.7488981481481481 0.05898958333333334 0.20767592592592593
7 0.7673333333333333 0.7455925925925926 0.13635416666666667 0.08465740740740742
9 0.8086510416666666 0.8349722222222222 0.060890625 0.035305555555555555
9 0.48603645833333337 0.5875648148148148 0.015770833333333335 0.10406481481481482
9 0.443625 0.548962962962963 0.0261875 0.18126851851851852
9 0.4957239583333333 0.13377777777777777 0.11844791666666667 0.08075925925925925