1 0.38559375 0.7568333333333334 0.10055729166666666 0.16799074074074075
11 0.34019791666666666 0.636462962962963 0.015536458333333333 0.1653425925925926
11 0.4778645833333333 0.6086851851851852 0.019973958333333333 0.1653425925925926
11 0.49051041666666667 0.6106666666666667 0.01699479166666667 0.1534351851851852
11 0.47675 0.5947962962962963 0.044765625 0.06084259259259259
11 0.4905208333333333 0.7416203703703704 0.112484375 0.10052777777777777
11 0.4295 0.8223148148148148 0.10354166666666667 0.026453703703703705
11 0.12961458333333334 0.6040555555555556 0.10198958333333333 0.11639814814814814
2 0.17984375 0.7383148148148148 0.080421875 0.1653425925925926
6 0.09278125 0.6992962962962963 0.10421875 0.1375648148148148
12 0.34801562500000005 0.5015462962962962 0.11915104166666667 0.04364814814814815
9 0.375921875 0.6457222222222222 0.044000000000000004 0.07275
9 0.41534895833333335 0.6219166666666667 0.08397916666666667 0.03571296296296296
5 0.39153645833333334 0.5617314814814814 0.10630729166666668 0.1111111111111111
12 0.47042187500000004 0.5994259259259259 0.03211458333333333 0.1309537037037037
8 0.508375 0.6662222222222222 0.05444791666666667 0.12962962962962962
0 0.5091197916666667 0.7548518518518519 0.069328125 0.06349074074074074
0 0.7089114583333332 0.5736296296296296 0.03257291666666667 0.07142592592592592
0 0.8205364583333333 0.643074074074074 0.052281249999999994 0.1309537037037037
7 0.8670416666666667 0.7475740740740741 0.0575 0.20502777777777778
7 0.7632395833333334 0.781962962962963 0.12816666666666668 0.13624074074074072
0 0.7476145833333334 0.71525 0.041828125 0.11863888888888889