3 0.04631770833333334 0.6742314814814815 0.06346875 0.12068518518518519
3 0.11168229166666667 0.6562222222222223 0.061010416666666664 0.10978703703703703
3 0.7659322916666667 0.8654074074074074 0.057192708333333335 0.09880555555555555
10 0.23758854166666668 0.6731296296296296 0.10868229166666667 0.22874074074074074
10 0.19005729166666668 0.5210277777777778 0.11136458333333334 0.1939074074074074
10 0.04683854166666667 0.5073703703703704 0.08534375000000001 0.19900925925925927
10 0.100484375 0.5703611111111111 0.046947916666666666 0.08242592592592592
6 0.14096875 0.7656944444444445 0.15120833333333333 0.24731481481481485
11 0.2657083333333333 0.5034537037037037 0.042020833333333334 0.08469444444444445
12 0.2135 0.5930092592592593 0.06050520833333333 0.10175925925925926
12 0.84665625 0.6818981481481482 0.051994791666666665 0.03528703703703703
8 0.7313020833333332 0.6636296296296297 0.06916666666666667 0.13200925925925924
8 0.88415625 0.6201111111111112 0.08116666666666666 0.08939814814814814
12 0.7958802083333333 0.7048148148148149 0.04417708333333333 0.09592592592592591
14 0.8410572916666667 0.8256111111111111 0.065796875 0.1413611111111111
14 0.888578125 0.823537037037037 0.06830208333333333 0.17792592592592593
14 0.7327291666666667 0.7571203703703704 0.07170833333333333 0.13021296296296295
14 0.8186666666666667 0.6675277777777777 0.05850520833333333 0.09338888888888888
14 0.883765625 0.6930092592592593 0.06371875 0.08712962962962963
14 0.8536874999999999 0.6848888888888889 0.0535625 0.08827777777777777
14 0.7628125 0.6349351851851852 0.08427604166666666 0.15235185185185185
14 0.7932760416666667 0.7515555555555555 0.05980208333333333 0.10428703703703704
0 0.38496874999999997 0.7369444444444444 0.04024479166666666 0.12111111111111113
7 0.498765625 0.7844259259259259 0.11236458333333334 0.1404074074074074
7 0.5849583333333332 0.8102962962962963 0.059770833333333336 0.15207407407407408
7 0.4159583333333333 0.676138888888889 0.06964583333333334 0.22735185185185183
7 0.5302760416666666 0.6113333333333334 0.09622395833333333 0.15325925925925926
7 0.5745416666666666 0.603 0.059770833333333336 0.1328888888888889
7 0.46713020833333335 0.6141111111111112 0.11574479166666667 0.18473148148148147
7 0.4371770833333333 0.7575833333333334 0.11080729166666667 0.17556481481481484