7 0.5728125 0.6096111111111111 0.05552083333333333 0.12928703703703703
0 0.3859166666666667 0.744462962962963 0.03675520833333333 0.12094444444444445
7 0.5528697916666666 0.7694814814814814 0.05473958333333333 0.17934259259259258
7 0.5861093749999999 0.8056296296296297 0.06334375 0.1404074074074074
14 0.734671875 0.7489722222222223 0.07738541666666668 0.14527777777777778
14 0.8422135416666666 0.829962962962963 0.07038020833333333 0.1473611111111111
14 0.8883489583333334 0.8313518518518519 0.07038020833333333 0.19462962962962962
14 0.8899114583333334 0.6930277777777778 0.05630208333333333 0.09036111111111111
14 0.8573958333333334 0.7696666666666667 0.05006770833333333 0.08915740740740741
3 0.7679218750000001 0.8654074074074074 0.060994791666666666 0.10148148148148148
8 0.8899739583333334 0.6192129629629629 0.08984375 0.09953703703703703
3 0.11919270833333333 0.6435092592592593 0.06069270833333333 0.12353703703703703
10 0.05102083333333333 0.5105833333333333 0.10203645833333333 0.21737037037037035
10 0.18428645833333332 0.5043240740740741 0.11347395833333333 0.17983333333333335
10 0.22914583333333333 0.6700925925925927 0.12930729166666668 0.23925925925925923
6 0.14250000000000002 0.7600092592592592 0.12842708333333333 0.23144444444444445
6 0.06465104166666666 0.6888611111111111 0.12403125 0.3393425925925926
7 0.529359375 0.6136666666666667 0.08304687499999999 0.17176851851851851
3 0.048828125 0.6747685185185185 0.06380208333333333 0.11342592592592593
7 0.5462239583333334 0.6967592592592593 0.061197916666666664 0.1574074074074074
7 0.494140625 0.7870370370370371 0.09244791666666667 0.14351851851851852
11 0.2630208333333333 0.4930555555555556 0.044270833333333336 0.08796296296296297
12 0.20963541666666666 0.5868055555555556 0.059895833333333336 0.09490740740740741
7 0.4179791666666667 0.6798148148148149 0.07741666666666666 0.23355555555555557
7 0.46742187500000004 0.602824074074074 0.11929687500000001 0.20308333333333334
8 0.7326250000000001 0.6660833333333334 0.06550520833333333 0.13428703703703704
14 0.7957968750000001 0.7575833333333334 0.06216666666666667 0.1081388888888889