0 0.7008229166666666 0.6069814814814815 0.039749999999999994 0.11126851851851852
0 0.8732604166666668 0.5615555555555556 0.039822916666666666 0.08234259259259259
3 0.17834375 0.6004074074074075 0.06324479166666667 0.1365185185185185
9 0.77840625 0.5974444444444444 0.021614583333333333 0.09728703703703703
7 0.8877864583333334 0.698675925925926 0.04516666666666667 0.1563425925925926
7 0.7351614583333334 0.5898148148148148 0.07168749999999999 0.12037037037037036
7 0.8473124999999999 0.6347037037037038 0.04032291666666667 0.21374074074074073
9 0.8390104166666668 0.6273425925925926 0.027078125 0.16149074074074074
11 0.17582291666666666 0.6955925925925927 0.10828125000000001 0.037314814814814815
11 0.17441145833333332 0.762 0.021552083333333336 0.10321296296296296
13 0.197625 0.7423148148148149 0.037734375 0.03743518518518518
6 0.49940625 0.63 0.19446354166666666 0.2702037037037037
11 0.5490989583333333 0.6782777777777778 0.08695312499999999 0.08009259259259259
9 0.5436927083333334 0.6278148148148148 0.07441145833333333 0.035787037037037034
4 0.5328385416666667 0.790074074074074 0.05915625 0.10774074074074073
5 0.42113020833333337 0.6928796296296296 0.146 0.17253703703703704
9 0.7895208333333333 0.769888888888889 0.07489583333333334 0.12901851851851853
4 0.8616770833333334 0.7912592592592592 0.07966145833333332 0.07724074074074075
11 0.8488125 0.7518148148148148 0.05339583333333333 0.042194444444444444
0 0.7248333333333333 0.7466944444444444 0.068453125 0.15051851851851852
11 0.7228072916666667 0.7903981481481481 0.05901041666666666 0.11875925925925924
0 0.8117812499999999 0.5839166666666666 0.0496875 0.14422222222222222
0 0.7786562499999999 0.6647592592592593 0.08684375000000001 0.11435185185185186
0 0.7840885416666666 0.8082037037037038 0.067984375 0.0934074074074074
0 0.831375 0.8301759259259259 0.034890624999999995 0.04882407407407407
7 0.7516093749999999 0.7093333333333334 0.078734375 0.1288425925925926
13 0.868859375 0.6088796296296296 0.04205729166666667 0.07846296296296296
11 0.8070208333333333 0.6439722222222223 0.056151041666666665 0.0756574074074074
12 0.09004166666666666 0.6866111111111111 0.03646354166666667 0.17233333333333334
8 0.11 0.7797222222222222 0.08038541666666667 0.08503703703703704
9 0.49846874999999996 0.5445555555555556 0.07488020833333334 0.04331481481481481
10 0.8039843750000001 0.7743611111111111 0.043796875 0.06591666666666667
8 0.21719270833333332 0.6339351851851852 0.029078125 0.08647222222222223
13 0.36484375 0.27132407407407405 0.05503645833333334 0.14450925925925925