13 0.3442395833333334 0.4146296296296296 0.06254166666666666 0.11118518518518518
3 0.18558854166666666 0.6008148148148148 0.07486458333333333 0.12674074074074074
0 0.20778125 0.7112222222222222 0.04376041666666666 0.1265462962962963
4 0.16924479166666667 0.704787037037037 0.027036458333333332 0.06900925925925926
4 0.4800989583333333 0.717462962962963 0.06146354166666667 0.14725925925925926
10 0.44173958333333335 0.5583703703703703 0.06547916666666667 0.10782407407407407
10 0.37830729166666666 0.5575833333333334 0.06600520833333333 0.1532037037037037
10 0.5647135416666667 0.6289074074074075 0.062359375 0.1667037037037037
0 0.488828125 0.6223148148148149 0.079578125 0.12364814814814815
0 0.5064583333333333 0.8041203703703704 0.042041666666666665 0.061037037037037035
7 0.7878229166666666 0.7788703703703703 0.10445833333333333 0.14103703703703704
0 0.7658958333333333 0.8068703703703703 0.07032291666666667 0.09612962962962962
0 0.7115781250000001 0.7816481481481481 0.03744270833333333 0.06182407407407407
0 0.7391770833333333 0.5854074074074074 0.04353645833333333 0.11000925925925926
0 0.71140625 0.6063518518518519 0.05745833333333333 0.1340462962962963
0 0.7035104166666667 0.6157592592592592 0.050546875 0.10176851851851852
7 0.8833802083333333 0.6313611111111112 0.066171875 0.2091388888888889
7 0.8314270833333333 0.7567962962962963 0.12960416666666666 0.17897222222222223
7 0.7899583333333333 0.5428981481481482 0.09333333333333332 0.05790740740740741
7 0.7119531250000001 0.7029907407407407 0.05409375 0.0927962962962963
7 0.8379895833333334 0.6373796296296297 0.060848958333333335 0.21189814814814814
9 0.5344531250000001 0.5918796296296297 0.05859895833333333 0.11551851851851852
6 0.4117135416666667 0.6621666666666667 0.10523958333333333 0.22151851851851853
10 0.448046875 0.8029074074074074 0.04913541666666667 0.07340740740740741