13 0.47682291666666665 0.8096574074074073 0.05259895833333333 0.043731481481481475
3 0.18558854166666666 0.6008148148148148 0.07486458333333333 0.12674074074074074
0 0.20778125 0.7112222222222222 0.04376041666666666 0.1265462962962963
4 0.16924479166666667 0.704787037037037 0.027036458333333332 0.06900925925925926
4 0.4800989583333333 0.717462962962963 0.06146354166666667 0.14725925925925926
10 0.566046875 0.6268796296296296 0.062359375 0.17075925925925925
7 0.7878229166666666 0.7788703703703703 0.10445833333333333 0.14103703703703704
0 0.7658958333333333 0.8068703703703703 0.07032291666666667 0.09612962962962962
0 0.7115781250000001 0.7816481481481481 0.03744270833333333 0.06182407407407407
0 0.7377135416666667 0.5854074074074074 0.04060416666666666 0.11000925925925926
0 0.6997291666666666 0.6117037037037036 0.041515624999999994 0.12126851851851851
7 0.8833802083333333 0.6313611111111112 0.066171875 0.2091388888888889
7 0.8314270833333333 0.7567962962962963 0.12960416666666666 0.17897222222222223
7 0.7119531250000001 0.7029907407407407 0.05409375 0.0927962962962963
7 0.8379895833333334 0.6373796296296297 0.060848958333333335 0.21189814814814814
6 0.40740625 0.6705 0.09928125 0.24027777777777778
10 0.44304166666666667 0.8035555555555556 0.04913541666666667 0.07340740740740741
10 0.3765677083333333 0.5560092592592593 0.06804166666666665 0.1565
10 0.5367552083333333 0.7761944444444444 0.05477083333333333 0.07346296296296297
10 0.500046875 0.6056296296296296 0.05408854166666666 0.14097222222222222
10 0.5301041666666666 0.6678425925925926 0.05849479166666667 0.1061111111111111
0 0.7375572916666666 0.6636388888888889 0.038177083333333334 0.07038888888888889
13 0.195109375 0.629462962962963 0.046328125000000005 0.07214814814814816
7 0.7991406249999999 0.5457314814814814 0.12220833333333332 0.06285185185185185
13 0.7999062499999999 0.4671944444444444 0.04077083333333333 0.11308333333333333
2 0.468046875 0.22702777777777777 0.13631770833333334 0.29960185185185184