13 0.4655260416666666 0.8162962962962963 0.025385416666666667 0.043731481481481475
3 0.18558854166666666 0.6008148148148148 0.07486458333333333 0.12674074074074074
0 0.20778125 0.7112222222222222 0.04376041666666666 0.1265462962962963
4 0.16924479166666667 0.704787037037037 0.027036458333333332 0.06900925925925926
10 0.566046875 0.6268796296296296 0.062359375 0.17075925925925925
7 0.7878229166666666 0.7788703703703703 0.10445833333333333 0.14103703703703704
0 0.7658958333333333 0.8068703703703703 0.07032291666666667 0.09612962962962962
0 0.7115781250000001 0.7816481481481481 0.03744270833333333 0.06182407407407407
0 0.7377135416666667 0.5854074074074074 0.04060416666666666 0.11000925925925926
0 0.6997291666666666 0.6117037037037036 0.041515624999999994 0.12126851851851851
7 0.8870104166666667 0.6299351851851852 0.07253645833333335 0.2144074074074074
7 0.7119531250000001 0.7029907407407407 0.05409375 0.0927962962962963
6 0.40740625 0.6705 0.09928125 0.24027777777777778
10 0.44304166666666667 0.8035555555555556 0.04913541666666667 0.07340740740740741
10 0.3765677083333333 0.55825 0.06804166666666665 0.1565
10 0.5414010416666667 0.7389907407407408 0.05477083333333333 0.07774074074074074
0 0.5059635416666667 0.8027592592592593 0.059869791666666665 0.08828703703703702
0 0.48834375 0.6145092592592593 0.07822916666666666 0.11590740740740742
10 0.49845833333333334 0.7150833333333333 0.06647916666666667 0.13277777777777777
0 0.7375572916666666 0.6636388888888889 0.038177083333333334 0.07038888888888889
13 0.195109375 0.629462962962963 0.046328125000000005 0.07214814814814816
7 0.7991406249999999 0.5457314814814814 0.12220833333333332 0.06285185185185185
13 0.7637291666666666 0.5819537037037037 0.04077083333333333 0.07158333333333333
4 0.37819791666666663 0.741361111111111 0.05217708333333334 0.11762037037037038
13 0.80515625 0.7331111111111112 0.094203125 0.17421296296296296
7 0.841171875 0.6380555555555556 0.07112500000000001 0.21771296296296297
7 0.4669270833333333 0.6476296296296297 0.026494791666666666 0.1794814814814815
13 0.5396875 0.6158796296296296 0.032072916666666666 0.07298148148148148