13 0.4655260416666666 0.8162962962962963 0.025385416666666667 0.043731481481481475
3 0.18558854166666666 0.6008148148148148 0.07486458333333333 0.12674074074074074
0 0.20778125 0.7112222222222222 0.04376041666666666 0.1265462962962963
4 0.16924479166666667 0.704787037037037 0.027036458333333332 0.06900925925925926
10 0.566046875 0.6268796296296296 0.062359375 0.17075925925925925
7 0.7878229166666666 0.7788703703703703 0.10445833333333333 0.14103703703703704
0 0.7658958333333333 0.8068703703703703 0.07032291666666667 0.09612962962962962
0 0.7115781250000001 0.7816481481481481 0.03744270833333333 0.06182407407407407
0 0.7377135416666667 0.5854074074074074 0.04060416666666666 0.11000925925925926
0 0.6997291666666666 0.6117037037037036 0.041515624999999994 0.12126851851851851
7 0.8833802083333333 0.6313611111111112 0.066171875 0.2091388888888889
7 0.8314270833333333 0.7567962962962963 0.12960416666666666 0.17897222222222223
7 0.7119531250000001 0.7029907407407407 0.05409375 0.0927962962962963
7 0.8379895833333334 0.6373796296296297 0.060848958333333335 0.21189814814814814
6 0.40740625 0.6705 0.09928125 0.24027777777777778
10 0.44304166666666667 0.8035555555555556 0.04913541666666667 0.07340740740740741
10 0.3765677083333333 0.5560092592592593 0.06804166666666665 0.1565
10 0.5367552083333333 0.7761944444444444 0.05477083333333333 0.07346296296296297
0 0.4942604166666667 0.7936296296296297 0.04558333333333333 0.08828703703703702
0 0.48834375 0.6145092592592593 0.07822916666666666 0.11590740740740742
4 0.4800729166666667 0.7111944444444445 0.054703125 0.11685185185185186
10 0.49263541666666666 0.6431296296296297 0.045083333333333336 0.06235185185185185
10 0.5325833333333333 0.6853055555555555 0.06328645833333334 0.07318518518518519
0 0.7375572916666666 0.6636388888888889 0.038177083333333334 0.07038888888888889
13 0.195109375 0.629462962962963 0.046328125000000005 0.07214814814814816
7 0.7991406249999999 0.5457314814814814 0.12220833333333332 0.06285185185185185
13 0.7637291666666666 0.5819537037037037 0.04077083333333333 0.07158333333333333
4 0.5732552083333334 0.04655555555555556 0.055635416666666666 0.09311111111111112