13 0.4792135416666667 0.8162962962962963 0.052760416666666664 0.043731481481481475
0 0.20778125 0.7112222222222222 0.04376041666666666 0.1265462962962963
11 0.5154427083333333 0.6783703703703704 0.11291666666666668 0.12307407407407406
10 0.566046875 0.6268796296296296 0.062359375 0.17075925925925925
7 0.7878229166666666 0.7788703703703703 0.10445833333333333 0.14103703703703704
0 0.7658958333333333 0.8068703703703703 0.07032291666666667 0.09612962962962962
0 0.7115781250000001 0.7816481481481481 0.03744270833333333 0.06182407407407407
0 0.7377135416666667 0.5854074074074074 0.04060416666666666 0.11000925925925926
0 0.6997291666666666 0.6117037037037036 0.041515624999999994 0.12126851851851851
7 0.8843958333333333 0.6299351851851852 0.06730729166666666 0.2144074074074074
7 0.7119531250000001 0.7029907407407407 0.05409375 0.0927962962962963
6 0.42046875 0.6741944444444444 0.09928125 0.24027777777777778
10 0.44304166666666667 0.8035555555555556 0.04913541666666667 0.07340740740740741
10 0.382578125 0.5570462962962963 0.06804166666666665 0.1565
0 0.5415833333333333 0.7638518518518519 0.098125 0.08828703703703702
0 0.48589062499999996 0.6158981481481481 0.07822916666666666 0.09837962962962964
10 0.5076979166666666 0.704287037037037 0.08094791666666666 0.08562962962962964
0 0.7491458333333333 0.7022222222222222 0.041640625 0.07727777777777778
0 0.7275885416666666 0.6597685185185185 0.038177083333333334 0.07038888888888889
7 0.7991406249999999 0.5457314814814814 0.12220833333333332 0.06285185185185185
13 0.7637291666666666 0.5819537037037037 0.04077083333333333 0.07158333333333333
4 0.37819791666666663 0.741361111111111 0.05217708333333334 0.11762037037037038
13 0.80515625 0.7331111111111112 0.094203125 0.17421296296296296
7 0.841171875 0.6380555555555556 0.07112500000000001 0.21771296296296297
7 0.4669270833333333 0.6476296296296297 0.026494791666666666 0.1794814814814815
4 0.16794270833333333 0.7046388888888889 0.03494791666666666 0.08719444444444445
9 0.406828125 0.644287037037037 0.07522916666666667 0.06635185185185184
11 0.4908489583333333 0.6091111111111112 0.12313020833333334 0.09700925925925925
11 0.5306145833333333 0.6104814814814815 0.03925 0.1534259259259259
6 0.16378645833333336 0.5809444444444444 0.117984375 0.26462962962962966